0.104506753914
0.744447086727
0.515682302084
0.966238619833
0.629484591598
0.126185821765
0.52218751342
0.301426966887
0.368336691872
0.550104189933
0.941933708729
0.71755804082
0.920900812306
0.577793487822
0.327746221057
0.388319839337
0.410275773384
0.0189832709574
0.0995119110802
0.825484755126
0.667385604483
0.826696314385
0.88989634955
0.823788257153
0.926456684971
0.0481998084399
0.794471790542
0.537354419358
0.127203671774
0.871957814996
0.505106072032
0.0731909525819
0.717982652443
0.371253187662
0.25056850177
0.215907960228
0.988129762632
0.440167382429
0.0784725617338
0.0273825707266
0.388029025186
0.397311134172
0.270259709179
0.388912005801
0.0523342964967
0.705181143996
0.527013972057
0.330890852757
0.482798323197
0.0835286977819
0.156244820424
0.638143297409
0.343199357639
0.00862310400779
0.108236061031
0.533999167143
0.301987233451
0.98875207613
0.538677675165
0.793476844212
0.165049461188
0.918909595597
0.245264212842
0.864563066652
