0.104507
0.744447
0.515682
0.966239
0.629485
0.126186
0.522188
0.301427
0.368337
0.550104
0.941934
0.717558
0.920901
0.577793
0.327746
0.38832
0.410276
0.0189833
0.0995119
0.825485
0.667386
0.826696
0.889896
0.823788
0.926457
0.0481998
0.794472
0.537354
0.127204
0.871958
0.505106
0.073191
0.717983
0.371253
0.250569
0.215908
0.98813
0.440167
0.0784726
0.0273826
0.388029
0.397311
0.27026
0.388912
0.0523343
0.705181
0.527014
0.330891
0.482798
0.0835287
0.156245
0.638143
0.343199
0.0086231
0.108236
0.533999
0.301987
0.988752
0.538678
0.793477
0.165049
0.91891
0.245264
0.864563
