0.454061532886	0.32406415346	0	0	0	0	0	0	0	0	0	0	0	0	0	0.703296543683	0	0	0	0	0	0	0	0	0	0	0	0	0	0	0	0	0	0	0	0.553680686726	0	0	0	0	0	0	0	0	0	0	0	0	0	0	0	0	0	0	0	0	0	0.887034956894	0	0	0	0	0	0	
0.32406415346	0.358267835468	0	0	0	0	0	0	0	0	0	0	0	0	0	0	0	0.896704703075	0	0	0	0	0	0	0	0	0	0	0	0.442466394594	0	0	0	0.529059145675	0	0	0	0	0	0	0	0	0	0	0	0	0.621664406124	0	0	0	0	0	0	0	0.184914191785	0	0	0	0	0	0	0	0	0	
0	0	0.182587937381	0	0	0	0.580880574182	0	0	0	0	0	0	0	0	0	0	0	0	0	0	0	0	0	0	0	0	0	0	0	0	0	0	0	0	0	0	0	0	0	0	0	0	0	0	0	0	0	0.348303227704	0.313260586524	0	0	0	0	0	0	0	0	0	0	0	0	0	0	
0	0	0	0.0209788879856	0	0	0	0	0	0	0	0	0	0	0	0	0	0	0	0	0	0	0	0	0	0	0	0	0.747138600552	0	0	0	0	0	0	0	0	0	0	0	0	0	0	0	0	0	0	0	0	0	0	0	0	0	0	0	0	0	0	0	0	0	0	0	
0	0	0	0	0.125479107892	0	0	0	0	0	0	0	0	0	0	0	0	0	0	0	0	0	0	0	0	0	0	0	0	0	0	0	0	0	0	0	0	0	0	0	0	0	0	0	0	0	0	0	0	0	0	0	0	0	0	0	0	0	0	0	0	0	0	0	
0	0	0	0	0	0.360180673823	0	0	0	0	0	0	0	0	0	0.227681154633	0	0	0	0	0	0	0.0642410381834	0	0	0	0	0	0.834868582228	0	0	0	0	0	0	0	0.946604152189	0	0	0	0	0	0	0	0	0	0	0	0	0	0	0.681479178445	0	0	0	0	0	0	0	0	0	0	0	0	
0	0	0.580880574182	0	0	0	0.262476201019	0	0	0	0	0	0	0	0	0	0	0	0	0.450891048041	0	0	0.388297480986	0	0	0	0	0	0	0	0	0	0.595845084767	0	0	0	0	0	0	0	0.605343385543	0	0	0	0	0	0	0	0	0	0	0	0	0	0	0	0	0	0	0	0	0	0	0	
0	0	0	0	0	0	0	0.128517894549	0	0	0	0	0	0	0	0.861436487745	0	0	0	0.57239238462	0	0	0	0	0	0	0	0	0	0	0	0	0	0	0	0	0	0	0	0	0	0	0	0	0	0	0	0	0	0	0.153542572298	0	0	0	0	0	0	0	0	0	0	0	0	0	
0	0	0	0	0	0	0	0	0.887900787967	0	0	0	0	0	0	0	0	0	0	0	0	0	0	0	0	0	0	0	0	0	0	0	0	0	0	0	0	0	0.475487700873	0.772483755286	0	0	0	0	0	0	0	0	0	0	0.486450176518	0	0	0	0	0	0	0	0	0	0.220440093457	0	0	0	
0	0	0	0	0	0	0	0	0	0.728819517959	0	0	0	0	0	0	0	0	0	0.735435216298	0	0	0	0	0	0	0	0	0	0	0	0.170112173139	0	0	0	0	0	0.369405706277	0	0	0	0	0	0	0	0	0	0	0	0	0	0	0	0	0	0	0	0	0	0	0	0	0	0	
0	0	0	0	0	0	0	0	0	0	0.665050137171	0	0	0	0	0	0	0	0	0	0	0	0.900679599593	0	0.433830845442	0	0	0	0	0	0	0	0	0	0	0	0	0	0	0	0.815655809246	0	0	0	0	0	0	0	0	0	0	0	0	0	0.791844593242	0	0	0	0	0	0	0	0	0	
0	0	0	0	0	0	0	0	0	0	0	0.171481320772	0	0	0	0	0	0	0	0	0	0	0	0	0	0	0	0	0	0	0	0	0	0	0	0	0	0.95391586517	0	0	0	0	0	0	0	0	0	0	0	0	0	0	0	0	0.110332103288	0	0	0	0	0	0	0	0	0	
0	0	0	0	0	0	0	0	0	0	0	0	0.587517592078	0	0	0	0	0	0	0	0	0	0	0	0	0	0	0	0.993051955372	0	0	0	0	0	0	0	0	0	0	0	0	0	0	0	0	0	0	0	0.00656478898208	0	0	0	0	0	0	0	0	0	0	0	0	0	0	0	
0	0	0	0	0	0	0	0	0	0	0	0	0	0.454044502483	0	0	0	0	0	0	0	0	0	0	0	0.983155558169	0.991088028621	0	0	0	0	0	0	0	0	0	0	0	0	0.388113181858	0	0	0	0	0	0	0	0	0	0	0	0	0	0	0	0	0	0	0	0.843923564754	0	0	0	0	
0	0	0	0	0	0	0	0	0	0	0	0	0	0	0.266601008757	0	0	0	0	0	0	0	0	0	0	0	0	0	0	0	0	0	0	0.253379689172	0	0	0	0.862663351066	0	0.848489691574	0	0.54847175144	0	0	0	0	0	0	0	0	0	0	0	0	0	0	0	0	0	0	0	0.818316660469	0	0	
0.703296543683	0	0	0	0	0.227681154633	0	0.861436487745	0	0	0	0	0	0	0	0.38052669969	0	0	0.960640813069	0	0	0	0	0	0	0	0	0.591595379318	0	0	0	0	0	0	0	0	0	0	0	0	0	0	0	0	0	0	0	0	0	0	0	0	0	0	0	0	0	0	0	0	0.204588474942	0	0	0	
0	0	0	0	0	0	0	0	0	0	0	0	0	0	0	0	0.034121534425	0	0	0.610208037738	0	0	0	0	0	0	0	0	0	0	0	0	0	0	0.541094926346	0	0	0	0	0.024635910129	0	0	0	0	0	0	0	0	0	0	0	0	0.273471639285	0	0	0	0	0	0	0	0	0	0	0	
0	0.896704703075	0	0	0	0	0	0	0	0	0	0	0	0	0	0	0	0.0988240561638	0	0	0	0	0	0	0	0	0	0	0	0	0	0	0	0	0.107383982956	0	0	0	0	0	0	0	0	0	0	0	0	0	0	0	0	0	0	0	0	0	0	0	0	0	0.82580986546	0.448620298757	0	0	
0	0	0	0	0	0	0	0	0	0	0	0	0	0	0	0.960640813069	0	0	0.584759669174	0	0	0	0	0	0.728753894027	0	0	0	0	0	0	0	0	0	0	0	0	0	0	0	0	0	0	0	0	0	0	0	0	0	0	0	0	0	0	0	0	0	0	0	0	0	0	0.89933528667	
0	0	0	0	0	0	0.450891048041	0.57239238462	0	0.735435216298	0	0	0	0	0	0	0.610208037738	0	0	0.554845858683	0	0	0	0	0	0	0	0	0	0	0	0	0	0	0	0	0	0	0	0	0	0	0	0	0	0	0	0	0	0	0	0	0	0	0	0	0	0	0	0	0	0	0	0	
0	0	0	0	0	0	0	0	0	0	0	0	0	0	0	0	0	0	0	0	0.528003000295	0	0	0	0	0	0	0	0	0	0	0	0	0	0	0	0	0	0.634153540505	0	0	0	0	0	0	0	0	0	0	0	0	0	0	0	0	0	0	0	0	0	0	0	0	0	
0	0	0	0	0	0	0	0	0	0	0	0	0	0	0	0	0	0	0	0	0	0.612559781922	0	0	0	0	0	0	0	0	0	0	0	0	0	0	0	0	0	0	0	0	0	0	0	0	0	0	0	0	0	0	0	0	0	0	0	0	0.531474501915	0	0	0	0	0	
0	0	0	0	0	0.0642410381834	0.388297480986	0	0	0	0.900679599593	0	0	0	0	0	0	0	0	0	0	0	0.902254132878	0	0	0	0	0	0	0	0	0	0	0	0.580144541891	0	0	0	0	0	0	0	0	0	0	0	0	0	0	0	0	0	0	0.629758478517	0	0	0	0	0	0	0	0	0	0	
0	0	0	0	0	0	0	0	0	0	0	0	0	0	0	0	0	0	0	0	0	0	0	0.375871783001	0	0	0	0	0	0	0	0	0	0	0	0	0	0	0	0	0	0	0	0	0	0	0	0	0	0	0	0	0.737205254534	0	0	0	0	0	0	0	0	0	0	0	
0	0	0	0	0	0	0	0	0	0	0.433830845442	0	0	0	0	0	0	0	0.728753894027	0	0	0	0	0	0.97812734587	0	0	0.214802669833	0	0	0	0	0	0	0	0	0	0	0	0	0	0	0	0	0	0	0	0	0	0	0	0	0	0	0	0	0	0	0	0	0	0	0	0	
0	0	0	0	0	0	0	0	0	0	0	0	0	0.983155558169	0	0	0	0	0	0	0	0	0	0	0	0.421110412333	0	0	0	0	0	0	0	0	0	0	0	0	0	0	0	0	0	0	0.659614244867	0	0	0	0	0	0	0	0	0	0	0	0.0810056573556	0	0	0.0565918380883	0	0	0	0	
0	0	0	0	0	0	0	0	0	0	0	0	0	0.991088028621	0	0	0	0	0	0	0	0	0	0	0	0	0.502936705667	0	0	0	0	0	0	0.464961787283	0	0	0	0	0	0	0	0	0	0	0	0	0	0	0	0	0	0	0	0	0	0	0	0	0	0	0.700215579614	0.185852534324	0.447765902611	0	
0	0	0	0	0	0	0	0	0	0	0	0	0	0	0	0.591595379318	0	0	0	0	0	0	0	0	0.214802669833	0	0	0.0547280089244	0	0	0	0	0.340447803005	0	0	0	0	0	0	0	0	0	0	0	0	0	0	0	0	0	0	0	0	0.147683487796	0	0	0	0	0	0	0	0	0	0	
0	0	0	0.747138600552	0	0.834868582228	0	0	0	0	0	0	0.993051955372	0	0	0	0	0	0	0	0	0	0	0	0	0	0	0	0.51499759014	0	0	0	0.300300255394	0	0	0	0	0	0	0	0	0	0	0	0	0	0	0	0	0	0	0	0	0	0	0	0	0	0	0	0	0	0	0	
0	0.442466394594	0	0	0	0	0	0	0	0	0	0	0	0	0	0	0	0	0	0	0	0	0	0	0	0	0	0	0	0.400854809456	0	0	0	0	0	0	0	0	0	0.517912701577	0	0	0	0	0	0	0	0	0	0	0	0	0	0	0	0	0	0	0	0	0	0	0	0	
0	0	0	0	0	0	0	0	0	0	0	0	0	0	0	0	0	0	0	0	0	0	0	0	0	0	0	0	0	0	0.617216115116	0	0	0	0	0	0	0	0	0	0	0	0	0	0	0	0	0	0	0	0	0	0	0	0	0	0	0	0	0	0	0	0	0	
0	0	0	0	0	0	0	0	0	0.170112173139	0	0	0	0	0	0	0	0	0	0	0	0	0	0	0	0	0	0	0	0	0	0.108317144529	0	0	0	0	0	0	0	0	0	0	0	0.122362722474	0	0	0	0	0	0	0	0	0	0	0.328757551339	0	0	0	0	0	0	0	0	0	
0	0	0	0	0	0	0.595845084767	0	0	0	0	0	0	0	0	0	0	0	0	0	0	0	0	0	0	0	0	0.340447803005	0.300300255394	0	0	0	0.0237305817373	0	0	0.211802092169	0	0	0	0	0	0	0	0	0	0	0	0	0	0	0.421485750447	0	0	0	0	0	0	0	0	0	0	0	0	0	
0	0.529059145675	0	0	0	0	0	0	0	0	0	0	0	0	0.253379689172	0	0	0	0	0	0	0	0	0	0	0	0.464961787283	0	0	0	0	0	0	0.13435795796	0	0	0	0	0	0	0	0	0	0	0	0.496080111311	0.277816791546	0	0	0	0	0	0	0	0	0	0	0	0	0	0	0	0	0	
0	0	0	0	0	0	0	0	0	0	0	0	0	0	0	0	0.541094926346	0.107383982956	0	0	0	0	0.580144541891	0	0	0	0	0	0	0	0	0	0	0	0.130112294013	0	0	0	0	0	0	0	0	0	0	0	0	0	0	0	0	0	0	0	0	0	0	0	0	0	0.894653611794	0	0	0	
0.553680686726	0	0	0	0	0	0	0	0	0	0	0	0	0	0	0	0	0	0	0	0	0	0	0	0	0	0	0	0	0	0	0	0.211802092169	0	0	0.39467234487	0	0	0	0	0	0	0	0	0	0	0	0	0	0	0	0	0	0	0	0	0	0	0	0	0	0	0	0	
0	0	0	0	0	0.946604152189	0	0	0	0	0	0	0	0	0	0	0	0	0	0	0	0	0	0	0	0	0	0	0	0	0	0	0	0	0	0	0.992512768097	0	0	0	0	0	0	0	0	0	0	0	0	0	0	0	0	0	0	0	0	0	0	0	0	0	0	0	
0	0	0	0	0	0	0	0	0	0.369405706277	0	0.95391586517	0	0	0.862663351066	0	0	0	0	0	0	0	0	0	0	0	0	0	0	0	0	0	0	0	0	0	0	0.703541371332	0	0	0	0	0	0	0	0	0	0	0	0	0	0	0	0.305806229371	0	0	0	0	0	0	0	0	0	0	
0	0	0	0	0	0	0	0	0.475487700873	0	0	0	0	0	0	0	0	0	0	0	0.634153540505	0	0	0	0	0	0	0	0	0	0	0	0	0	0	0	0	0	0.202662666782	0	0	0	0	0	0	0	0	0	0	0	0	0	0	0	0	0	0	0	0	0	0	0	0	0	
0	0	0	0	0	0	0	0	0.772483755286	0	0	0	0	0.388113181858	0.848489691574	0	0.024635910129	0	0	0	0	0	0	0	0	0	0	0	0	0.517912701577	0	0	0	0	0	0	0	0	0	0.484559922682	0	0	0	0	0	0	0.105670031676	0	0	0	0	0	0	0	0	0	0	0	0	0	0	0	0	0	
0	0	0	0	0	0	0.605343385543	0	0	0	0.815655809246	0	0	0	0	0	0	0	0	0	0	0	0	0	0	0	0	0	0	0	0	0	0	0	0	0	0	0	0	0	0.262001975946	0	0	0	0	0	0	0	0	0	0	0.607965964721	0	0	0	0	0	0	0	0	0	0	0	0	
0	0	0	0	0	0	0	0	0	0	0	0	0	0	0.54847175144	0	0	0	0	0	0	0	0	0	0	0	0	0	0	0	0	0	0	0	0	0	0	0	0	0	0	0.3313449698	0	0	0	0	0	0	0	0	0	0.728859322527	0	0	0	0.749952992917	0	0	0	0	0	0	0	0	
0	0	0	0	0	0	0	0	0	0	0	0	0	0	0	0	0	0	0	0	0	0	0	0	0	0	0	0	0	0	0	0	0	0	0	0	0	0	0	0	0	0	0.658137834845	0	0	0	0	0	0	0	0	0	0.389534059804	0	0	0	0	0	0	0	0	0	0	0	
0	0	0	0	0	0	0	0	0	0	0	0	0	0	0	0	0	0	0	0	0	0	0	0	0	0	0	0	0	0	0	0.122362722474	0	0	0	0	0	0	0	0	0	0	0	0.14496630008	0	0	0	0	0	0	0	0	0	0.245582908263	0	0	0	0	0	0	0	0	0	0.415751841459	
0	0	0	0	0	0	0	0	0	0	0	0	0	0	0	0	0	0	0	0	0	0	0	0	0	0.659614244867	0	0	0	0	0	0	0	0	0	0	0	0	0	0	0	0	0	0	0.381978510348	0	0	0	0	0	0	0.760026225228	0	0	0	0	0	0	0	0	0.0478483087728	0	0	0	
0	0	0	0	0	0	0	0	0	0	0	0	0	0	0	0	0	0	0	0	0	0	0	0	0	0	0	0	0	0	0	0	0	0.496080111311	0	0	0	0	0	0	0	0	0	0	0	0.0396018605188	0	0	0	0	0	0	0	0	0	0	0	0	0	0	0	0	0	0.0952150253423	
0	0.621664406124	0	0	0	0	0	0	0	0	0	0	0	0	0	0	0	0	0	0	0	0	0	0	0	0	0	0	0	0	0	0	0	0.277816791546	0	0	0	0	0	0.105670031676	0	0	0	0	0	0	0.550449462701	0	0	0	0	0	0.509180053251	0	0	0	0	0	0	0	0	0	0	0	
0	0	0	0	0	0	0	0	0	0	0	0	0	0	0	0	0	0	0	0	0	0	0	0	0	0	0	0	0	0	0	0	0	0	0	0	0	0	0	0	0	0	0	0	0	0	0	0.311549845966	0	0	0	0	0	0	0	0	0	0	0	0	0	0	0	0	
0	0	0.348303227704	0	0	0	0	0	0	0	0	0	0.00656478898208	0	0	0	0	0	0	0	0	0	0	0	0	0	0	0	0	0	0	0	0	0	0	0	0	0	0	0	0	0	0	0	0	0	0	0	0.349682328879	0	0	0	0	0	0	0	0	0	0	0	0	0	0	0	
0	0	0.313260586524	0	0	0	0	0	0	0	0	0	0	0	0	0	0	0	0	0	0	0	0	0	0	0	0	0	0	0	0	0	0	0	0	0	0	0	0	0	0	0	0	0	0	0	0	0	0	0.0715299057008	0	0	0	0	0	0	0	0	0	0	0	0	0.630139707474	0	
0	0	0	0	0	0	0	0.153542572298	0.486450176518	0	0	0	0	0	0	0	0	0	0	0	0	0	0	0	0	0	0	0	0	0	0	0	0.421485750447	0	0	0	0	0	0	0	0	0	0	0	0	0	0	0	0	0	0.134828050598	0	0	0	0	0	0	0.54776885872	0	0	0.994837482503	0	0	0	
0	0	0	0	0	0.681479178445	0	0	0	0	0	0	0	0	0	0	0	0	0	0	0	0	0	0	0	0	0	0	0	0	0	0	0	0	0	0	0	0	0	0	0.607965964721	0.728859322527	0	0	0.760026225228	0	0	0	0	0	0	0.578878978282	0	0	0	0	0	0	0	0	0	0	0	0	
0	0	0	0	0	0	0	0	0	0	0	0	0	0	0	0	0.273471639285	0	0	0	0	0	0	0.737205254534	0	0	0	0	0	0	0	0	0	0	0	0	0	0	0	0	0	0	0.389534059804	0	0	0	0.509180053251	0	0	0	0	0	0.0679248758187	0	0	0	0	0	0	0	0	0.905968999877	0	0	
0	0	0	0	0	0	0	0	0	0	0	0	0	0	0	0	0	0	0	0	0	0	0.629758478517	0	0	0	0	0.147683487796	0	0	0	0	0	0	0	0	0	0.305806229371	0	0	0	0	0	0.245582908263	0	0	0	0	0	0	0	0	0	0.0841887296027	0	0	0	0	0	0	0	0	0	0	
0	0.184914191785	0	0	0	0	0	0	0	0	0.791844593242	0.110332103288	0	0	0	0	0	0	0	0	0	0	0	0	0	0	0	0	0	0	0	0.328757551339	0	0	0	0	0	0	0	0	0	0	0	0	0	0	0	0	0	0	0	0	0	0	0.439756422483	0	0	0	0	0	0	0	0	0	
0	0	0	0	0	0	0	0	0	0	0	0	0	0	0	0	0	0	0	0	0	0	0	0	0	0	0	0	0	0	0	0	0	0	0	0	0	0	0	0	0	0.749952992917	0	0	0	0	0	0	0	0	0	0	0	0	0	0.790182571111	0	0	0	0	0	0	0	0	
0	0	0	0	0	0	0	0	0	0	0	0	0	0	0	0	0	0	0	0	0	0	0	0	0	0.0810056573556	0	0	0	0	0	0	0	0	0	0	0	0	0	0	0	0	0	0	0	0	0	0	0	0	0	0	0	0	0	0	0.453752461511	0	0	0	0	0	0	0	
0.887034956894	0	0	0	0	0	0	0	0	0	0	0	0	0	0	0	0	0	0	0	0	0	0	0	0	0	0	0	0	0	0	0	0	0	0	0	0	0	0	0	0	0	0	0	0	0	0	0	0	0	0.54776885872	0	0	0	0	0	0	0.67372268896	0	0	0	0	0	0	
0	0	0	0	0	0	0	0	0	0	0	0	0	0	0	0	0	0	0	0	0	0.531474501915	0	0	0	0	0	0	0	0	0	0	0	0	0	0	0	0	0	0	0	0	0	0	0	0	0	0	0	0	0	0	0	0	0	0	0	0	0.185527056261	0	0	0	0	0	
0	0	0	0	0	0	0	0	0	0	0	0	0	0.843923564754	0	0	0	0	0	0	0	0	0	0	0	0.0565918380883	0	0	0	0	0	0	0	0	0	0	0	0	0	0	0	0	0	0	0	0	0	0	0	0	0	0	0	0	0	0	0	0	0	0.337607742912	0.317042951846	0	0	0	
0	0	0	0	0	0	0	0	0.220440093457	0	0	0	0	0	0	0.204588474942	0	0.82580986546	0	0	0	0	0	0	0	0	0.700215579614	0	0	0	0	0	0	0	0.894653611794	0	0	0	0	0	0	0	0	0	0.0478483087728	0	0	0	0	0	0.994837482503	0	0	0	0	0	0	0	0	0.317042951846	0.80076030907	0	0	0	
0	0	0	0	0	0	0	0	0	0	0	0	0	0	0.818316660469	0	0	0.448620298757	0	0	0	0	0	0	0	0	0.185852534324	0	0	0	0	0	0	0	0	0	0	0	0	0	0	0	0	0	0	0	0	0	0	0	0	0	0.905968999877	0	0	0	0	0	0	0	0	0.610166230146	0	0	
0	0	0	0	0	0	0	0	0	0	0	0	0	0	0	0	0	0	0	0	0	0	0	0	0	0	0.447765902611	0	0	0	0	0	0	0	0	0	0	0	0	0	0	0	0	0	0	0	0	0	0	0.630139707474	0	0	0	0	0	0	0	0	0	0	0	0	0.792571777426	0	
0	0	0	0	0	0	0	0	0	0	0	0	0	0	0	0	0	0	0.89933528667	0	0	0	0	0	0	0	0	0	0	0	0	0	0	0	0	0	0	0	0	0	0	0	0	0.415751841459	0	0.0952150253423	0	0	0	0	0	0	0	0	0	0	0	0	0	0	0	0	0	0.113064084364	
1.5584068356
1.24746786411
0.591812413666
0.115309385087
0.0789871649853
1.66747812443
1.81705706192
0.869743056754
0.497900607099
1.18306824476
2.23207438516
0.554872362265
0.670534751887
1.77738469054
1.55426855376
0.956914439244
0.747827902029
1.24487322206
1.88391742861
1.52092054187
0.402145254377
0.792694363157
2.01295996062
0.562647130836
1.50277737217
0.69224575515
1.54100461247
0.703851036219
2.02288505902
0.693103083395
0.311759607501
0.184679008415
0.660906158926
1.3924202904
0.920569287815
0.295146500143
1.10017942878
1.48274924225
0.61426796936
1.31753629416
1.57403023547
1.17699755468
0.311555978948
0.426896352734
0.544686835929
0.294417202266
1.03367496758
0.103088994208
0.354485371827
0.322068459621
1.25494994902
1.02066855269
1.94893556523
0.870620183091
1.03435321503
0.719921509056
0.14093190769
0.844431898364
0.53930729527
0.810552950493
1.49846566119
1.2959866521
0.602761620688
0.416080327658
