0.986944964414
0.827988019543
0.25855199066
0.577353610406
0.098877059916
0.879206928876
0.966205299134
0.0479529335374
0.965005884242
0.259559933068
0.502009526338
0.108643318178
0.649802541563
0.335539454729
0.843207379721
0.838974203233
0.454507057087
0.592184257821
0.332224933491
0.841700660981
0.416460668988
0.192917283482
0.284371346097
0.861329321263
0.421839993696
0.310844962243
0.377308608629
0.676868357599
0.314004941128
0.831844292527
0.838113493142
0.658907284005
0.93175518978
0.939752847807
0.0843112335122
0.928673601968
0.600895020227
0.121701168731
0.755790155658
0.51578149303
0.239402014873
0.235103599746
0.589071567389
0.720502150341
0.171662598495
0.405918917712
0.59079175826
0.117317790561
0.443615879212
0.462846620834
0.206704193536
0.00987318691363
0.139013456892
0.533625757239
0.624206713701
0.769563353615
0.383982914354
0.0619482961015
0.330427316017
0.468748597624
0.995177551616
0.158110663438
0.0182228062574
0.624315764659
0.487055893344
0.895198909608
0.824058544251
0.512574693408
0.777094294528
0.854896467768
0.814584098486
0.555349117696
0.338560423679
0.0487615253068
0.0650396164532
0.36669039047
0.431408643519
0.848648837075
0.106272336252
0.159165912074
0.362752371783
0.345951263291
0.669789008021
0.188178706485
0.0561852462594
0.164761787331
0.6063448729
0.993723150131
0.285216028501
0.50419640074
0.883800114993
0.370345969236
0.631073732871
0.327309287808
0.416819761425
0.496371135018
0.456620925011
0.538260599552
0.184118829103
0.428533213035
0.910211267154
0.846032138543
0.820982244096
0.856253229682
0.883080072177
0.0918640638761
0.977395378067
0.174822521351
0.567899595621
0.513535767796
0.445141150762
0.599861440193
0.207539075065
0.436779201603
0.590210595838
0.676689382671
0.0511913087283
0.14014681728
0.686408032357
0.272597430571
0.592795559141
0.52098308407
0.526236174219
0.664440415506
0.0445028975031
0.342680829206
0.144663342999
0.666077346576
