0.706560343747
0.870340321624
0.901342959727
0.92595822797
0.675641940146
0.911389608824
0.0432725130212
0.133555430742
0.6220928248
0.430196436656
0.382667125742
0.449027719848
0.385514296693
0.337042138867
0.119358922281
0.460035532468
0.0147868052957
0.855509360795
0.788518323065
0.109893064481
0.578974544653
0.458390139821
0.961714069858
0.407137059029
0.944256135293
0.60168015763
0.179197438213
0.852599500825
0.606658682247
0.267666767809
0.726554443747
0.595512408468
0.734980020165
0.868134722936
0.812288880463
0.138621423452
0.732357185725
0.107838562927
0.728115236484
0.723732882717
0.867737466224
0.137067104108
0.726113371761
0.0879971040342
0.811672706937
0.840126984833
0.42508664539
0.88370143288
0.116570625567
0.100186281762
0.79628888242
0.50512901021
0.479161414851
0.835447306314
0.723235192102
0.0554734049164
0.17108758727
0.134584980213
0.826920724104
0.733348891784
0.031676127447
0.316439584203
0.450240212742
0.148139988417
0.858123567342
0.381261392041
0.106099376069
0.413790255499
0.0285689818176
0.826601140763
0.336702501288
0.000192282762893
0.658685238371
0.204081802664
0.848873180408
0.74464154983
0.972470868932
0.267629189441
0.934115701182
0.313415494113
0.00349965522399
0.269337088007
0.638256072506
0.031559874652
0.302141920819
0.440905301011
0.346160055294
0.227805107212
0.486435852359
0.388714747994
0.774490442835
0.11979884392
0.636145034202
0.0153656195575
0.142965508439
0.125992208296
0.188753729477
0.697505674646
0.361781675546
0.408675911523
0.9796803552
0.400440165594
0.265822030453
0.0198806999993
0.411148697314
0.567320143757
0.747285265889
0.608512676304
0.174853710894
0.943909368357
0.234720688381
0.357553243627
0.074088372831
0.23105672701
0.488135706088
0.703269889215
0.723226730879
0.0872221840022
0.792273747449
0.148915796576
0.00985821532165
0.259484507911
0.901903967669
0.44981413577
0.588431948969
0.733686782321
0.988383447235
0.273938117118
0.684305585509
0.462506328052
0.154236954547
0.236699315384
0.717596019938
0.976450139609
0.184608175032
0.990621793211
0.564810439207
0.286185170623
0.591802519331
0.31313974975
0.842095786481
0.915900272214
0.636818362494
0.0932159486426
0.721338245923
0.897954974519
0.433048177192
0.178435976859
0.0423018166919
0.883542009302
0.46458919075
0.391762577039
0.610214693027
0.0931448525432
0.872780529532
0.427810940575
0.0708525454337
0.75384575635
0.558135847275
0.233851246879
0.222794870515
0.275352476581
0.662401962449
0.431675346566
0.259227738427
0.36094503308
0.156247296877
0.212588206439
0.866242554719
0.0152186912215
0.500564564693
0.870346526225
0.952328953249
0.703327374891
0.321169620987
0.691084531724
0.200221627485
0.600482314216
0.252468123531
0.867226834074
0.453630719548
0.447709215381
0.26225599695
0.97271834249
0.185909136624
0.426919613517
0.417570611241
0.352677323334
0.726359013821
0.30762765895
0.884699166041
0.222168781604
0.0602710719396
0.11747408764
0.0316984792696
0.790374089798
0.477731139337
0.0486105176255
0.0805664914586
0.867960307018
0.0731742608706
0.257174592935
0.5133082983
0.783190221717
0.996241335311
0.661918317679
0.576622518093
0.241569000074
0.313889920663
0.46126776313
0.835546860527
0.383689858113
0.434707161647
0.671313637059
0.724188743187
0.430229936607
0.479607285284
0.0304106755452
0.0312380432175
0.23228780748
0.738877993717
0.497467810102
0.128633607505
0.616021087078
0.00549580325946
0.108963083434
0.278286591545
0.969732529904
0.531609540364
0.387710510318
0.899117442358
0.0663393859726
0.422738776745
0.652142255241
0.467486374789
0.765682448209
0.487168286837
0.30630550924
0.297703381426
0.00459657336004
0.665989272495
0.927333800901
0.890330733224
0.760390014266
0.927922476124
0.564870572256
0.00358173120967
0.285898031772
0.771662711826
0.310394916524
0.680641753131
0.0259912074571
0.636927774581
0.701106074447
0.172866678802
0.318163148646
0.759828322602
0.209490082426
0.186181101736
0.61927174223
0.817100501494
0.686852190978
0.637412635362
0.407953451359
0.0481064577706
0.789742943815
0.274146745529
0.395089232461
0.277080362084
0.10866225013
0.505890700869
0.274451190014
0.603741295952
0.215150288055
0.517586909896
0.620558167965
0.738914167454
0.71344390932
0.822234339607
0.821028266239
0.964485323041
0.434984462019
0.733133892069
0.658121527553
0.740821244723
0.540985272422
0.338836594341
0.0632206793307
0.788830967812
0.437081356073
0.293613793952
0.714191274764
0.513289124002
0.321384411922
0.162008199664
0.809389000449
0.234917658634
0.289677735129
0.586808376543
0.114111189312
0.901344892783
0.316878170643
0.451587810312
0.542777517108
0.301058689877
0.208219371655
0.465220784505
0.858634269089
0.903984946305
0.423509858836
0.103147710209
0.788490221363
0.705253218612
0.718825497045
0.445208073055
0.562800808667
0.621625631805
0.326106464767
0.644957774085
0.834073805656
0.990064451409
0.102599693394
0.217384803765
0.591962614071
0.22780580752
0.139547074676
0.736117501715
0.422121577896
0.925092216894
0.275170193109
0.558144509743
0.0336663234397
0.433578820624
0.598101492589
0.514845963105
0.441618216685
0.285344662118
0.619666497906
0.858129217265
0.340418549842
0.28563155387
0.319189485251
0.443163583238
0.288213184508
0.0111287795569
0.36180328469
0.776969425421
0.12935955136
0.917141591395
0.598894858121
0.961041129336
0.536566656074
0.953743531002
0.0696719272396
0.0189508199952
0.215987939463
0.117889489123
0.621011085646
0.498835372311
0.439752948248
0.624994212569
0.814872730947
0.47468468922
0.221196029471
0.752239375917
0.777719026452
0.761861469033
0.350530307873
0.108457488189
0.46748476451
0.901393939125
0.952760078625
0.896751414055
0.326800360631
0.106075317974
0.444539877025
0.644012599705
0.923283517018
0.446269529938
0.289983449586
0.568912676278
0.327395314422
0.890917989478
0.53388336517
0.735318925418
0.227565215193
0.113799555257
0.494345325678
0.79906642327
0.423785346826
0.0941994519708
0.839696888582
0.560431642689
0.620309703639
0.749616450636
0.926879123968
0.2365670624
0.712462775841
0.396631931135
0.314935053495
0.685536572716
0.263685828603
0.246757738098
0.81887773875
0.0831259839054
0.687902296374
0.359555090833
0.823683947937
0.9738362587
0.349870905864
0.105909441484
0.594627338906
0.902487630267
0.860847491487
0.565851164924
0.294673440643
0.958274442389
0.0260025524427
0.729921532335
0.441926775994
0.492256106455
0.33855783665
0.0420814966309
0.128028991474
0.106272310919
0.971296885229
0.999799425079
0.770275901439
0.455569385684
0.0786524475993
0.867907561894
0.91374433125
0.931278323581
0.00968628262814
0.848562753963
0.464601660873
0.531132633574
0.418846599956
0.328877141882
0.871842395546
0.0152797936639
0.348304716803
0.40708743683
0.566276061393
0.38538531432
0.684391659232
0.967231664042
0.434259390078
0.271979662756
0.379561412716
0.222431559366
0.963445293783
0.107250289207
0.0971912289172
0.213244214368
0.997959212769
0.211863214297
0.288366403267
0.916216951944
0.347348824364
0.333069130839
0.26716061681
0.496872396835
0.542778407004
0.697596510301
0.369746136111
0.653307325161
0.613869193649
0.137286172698
0.334655714276
0.436068723834
0.364194511576
0.134081315765
0.700974275455
0.274663883569
0.698195232755
0.996463050254
0.132029462784
0.188947200661
0.716912423572
0.0861135968515
0.59276588853
0.727700974824
0.354416142374
0.832691969558
0.319619669942
0.121474854583
0.931811018558
0.500904849623
0.927023648675
0.785951876998
0.0293256047551
0.793773253297
0.231258660045
0.713125922831
0.364310702025
0.842829099619
0.746088090331
0.350028649698
0.465293585131
0.643364049685
0.427624833754
0.942036165397
0.448095718073
0.000744067269316
0.555659877731
0.651299244034
0.817979415273
0.955450497825
0.303915429958
0.156387225852
0.751570139482
0.266206705362
0.891448079387
0.0841706246432
0.283692626404
0.347546742392
0.58242389281
0.271892638009
0.129233557763
0.557533821408
0.487488932892
0.433230324316
0.888567338771
0.108157741098
0.357947023087
0.223194621877
0.922331481791
0.484849561423
0.444819083454
0.966205209955
0.0579434132792
0.514880219274
0.784816701281
0.130789668282
0.88761968597
0.561074374151
0.259865420693
0.81652813421
0.886262212294
0.843372318987
0.532904553754
0.530795516846
0.966565259207
0.661450903168
0.839130195882
0.818836846342
0.494248036617
0.803482810218
0.542364334085
0.919509732313
0.475058884385
0.0730471609562
0.0435072939676
0.458552140476
0.75853865164
0.272630255214
0.20125107515
0.276816707805
0.0487513111812
0.389574520002
0.578452636287
0.856246046644
0.100754367699
0.791615580102
0.271563623604
0.327130296178
0.555031349615
0.900939089863
0.476048333849
0.716295551624
0.816288430942
0.918135711217
0.783604131193
0.797063964957
0.0189425390312
0.344085820326
0.71017373246
0.955521323442
0.218740563498
0.888530250892
0.634162534701
0.718917651657
0.460003360507
0.953787189964
0.26920640766
0.387588076295
0.559649911112
0.02395955342
0.805866097068
0.858165125595
0.0517527717539
0.210649571005
0.82155203189
0.259931242382
0.665257833012
0.432932692008
0.182486945773
0.0734545323569
0.763961977825
0.533173119815
0.51524466884
0.504288192883
0.792237147593
0.704743467742
0.335802052094
0.577538915512
0.496154239587
0.409280905675
0.599007325338
0.769338980127
0.315594300078
0.548557665427
0.881718951011
0.45286142674
0.706506700353
0.943859818806
0.0932761784582
0.221317780614
0.838355287086
0.985194180825
0.628781689066
0.780045609765
0.618432333998
0.697319544143
0.813791238239
0.493601594118
0.17778399165
0.734569146789
0.236979849184
0.513971017811
0.35283100955
0.143588918681
0.670703067026
0.788905127174
0.32189031722
0.813066354657
0.932931591044
0.0508407103787
0.400116612353
0.4917564547
0.901715636508
0.296604409853
0.522927299634
0.63078632423
0.648259372539
0.0371716123121
0.441463511225
0.420700385227
0.37552153486
0.879884056235
0.917242836012
0.326575832413
0.781025008227
0.0310645495895
0.590654996625
0.497414486907
0.669177260305
0.16450850399
0.73332525467
0.0382625765832
0.0803827472412
0.409665347441
0.253862888607
0.635526001003
0.645112426921
0.0269142216138
0.6053650614
0.859030926674
0.10033636423
0.641615919586
0.0738524220149
0.50704073872
0.292715199485
0.549440673907
0.580456115888
0.695989700335
0.837868397125
0.693603382321
0.564414697435
0.155510103937
0.74709368158
0.0504499415964
0.593539861262
0.465853491276
0.673261093119
0.872323360733
0.295382607077
0.759678544559
0.706596024656
0.657276365596
0.598739095402
0.840130235078
0.140869736774
0.0607204194038
0.866903879961
0.478210594411
0.424916049587
0.188253945849
0.4601558236
0.936722431097
0.0546196903623
0.146460541818
0.902376372761
0.324816022634
0.58565291577
0.0178143484097
0.00304170614395
0.104903796776
0.434659136847
0.864950890895
0.976777735604
0.293403570383
0.417376595923
0.0597085699772
0.413336959368
0.475899632235
0.050477679761
0.278677548471
0.428909396931
0.167697792339
0.0951917723494
0.641787250855
0.167542896267
0.870127340467
0.942885667265
0.88659209365
0.229453788743
0.575779229117
0.415656591239
0.339751033181
0.611728449885
0.0872580874258
0.21355821092
0.950403834685
0.559595569359
0.0733577925154
0.530328431089
0.442354084012
0.00227461336106
0.986457134719
0.163386026641
0.731745066779
0.0605366920417
0.837856636108
0.603807818376
0.0289102609221
0.127139772357
0.782216379333
0.986205323966
0.660843719085
0.688879982833
0.191571547059
0.705801030082
0.47533948024
0.329494580636
0.821409740365
0.758405947146
0.668016343501
0.777835770864
0.173459404448
0.382795470043
0.0513702950889
0.450962637397
0.538131551579
0.557279029431
0.0225017748376
0.868665645024
0.564979414589
0.536372320028
0.895559843994
0.669847455721
0.524933617169
0.00835995574139
0.894754204545
0.99687997212
0.903326143027
0.576043794297
0.316218163579
0.249553587519
0.682201099663
0.75405838334
0.259668313301
0.929420105
0.968262498646
0.216502344383
0.0744971769428
0.531100842679
0.906182875505
0.461820712999
0.746833727303
0.189723828593
0.895650370145
0.143374091247
0.246528502444
0.841073757276
0.0793622534619
0.465779756113
0.167797442318
0.137439168099
0.0477249125711
0.488775364236
0.635569647434
0.238846586828
0.586752092279
0.794639737346
0.167928844907
0.691957100981
0.487078489797
0.349963081758
0.108154457662
0.208484100141
0.522681957649
0.0258951540311
0.754114393803
0.162064046551
0.273707790807
0.890754016334
0.744907006398
0.0862055115431
0.454356336174
0.576335312083
0.91763646798
0.14802214284
0.722019364281
0.465555858048
0.899685626684
0.146736782101
0.685067464727
0.115951918692
0.874219353314
0.883527607331
0.316946417323
0.793176109882
0.460070475115
0.687553005513
0.651818094266
0.546854487199
0.545003634117
0.778872195539
0.920050057838
0.607700396739
0.542824466099
0.282751315747
0.407424796512
0.165879462592
0.0441316610764
0.0565231013595
0.636525129458
0.75871577504
0.592160668747
0.763895248777
0.33060635524
0.825938378979
0.988430476842
0.720581291373
0.299183248115
0.335619768182
0.577334654065
0.872688780868
0.57966586194
0.820003336747
0.557991499928
0.369200820154
0.288682114956
0.118988754628
0.34402842323
0.256581958052
0.202902495745
0.0347850359731
0.0639083439734
0.90084533347
0.0470924161362
0.795301164094
0.778544709428
0.926289540473
0.273308519349
0.132195354265
0.0385261786612
0.404773694433
0.670658824147
0.152406705431
0.44183712454
0.783954611128
0.568071086608
0.515950215136
0.0507878712913
0.24365465501
0.113003296375
0.791365708971
0.410436159322
0.661864311672
0.308435984183
0.16875616504
0.803087904059
0.664108423524
0.970139386392
0.63041097032
0.0269742238589
0.785715222453
0.740109471898
0.13132768569
0.0671811214144
0.537808710608
0.252066546345
0.417173972897
0.5573932667
0.571173970098
0.285246424727
0.684636804677
0.227108265371
0.536901877055
0.362987972916
0.496938998144
0.585828347854
0.268861155413
0.859644579809
0.871574692633
0.685584929133
0.899592971421
0.864768255456
0.902315409739
0.156876854589
0.727852415309
0.321695646272
0.467390850325
0.4755107681
0.883686514008
0.404696863092
0.0845566053711
0.699347718658
0.860881798462
0.176379192186
0.52589762889
0.257336977246
0.556390009589
0.594532191932
0.376026514983
0.747657332072
0.683467194663
0.856439817172
0.510941908509
0.0777589006828
0.611447280497
0.585217351575
0.192936009723
0.859502052375
0.423715983259
0.857019178856
0.171032153922
0.0400358139258
0.610600438632
0.994496371193
0.485977049053
0.729447224099
0.327071295702
0.463274323916
0.455917702218
0.0431695607036
0.584777526372
0.944830219873
0.0758136220458
0.806310256943
0.383476475951
0.963940977914
0.0875897519999
0.634039936088
0.202012171256
0.22795808537
0.967787117401
0.749664499753
0.730818519252
0.088872814346
0.251740052349
0.874887000652
0.617216242934
0.165317894954
0.696593698555
0.598556962628
0.376969611098
0.443488877752
0.206217273169
0.789887496155
0.454324836728
0.151989174214
0.804617127773
0.250920154577
0.742879166591
0.0207790896264
0.789286054684
0.255830509486
0.776643489345
0.676140333553
0.482582235569
0.933967825407
0.122073242518
0.483578904081
0.0734366982381
0.0863706037296
0.121615671132
0.954541588393
0.098240256593
0.311033325805
0.992575040722
0.786640341471
0.721111450897
0.70733930265
0.637788554719
0.300516331297
0.649190305706
0.145101139215
0.922362834275
0.447623338527
0.622247302579
0.558824615449
0.982102468753
0.597728105649
0.419631599217
0.945406310192
0.197052696032
0.688162027844
0.68557300271
0.0858544042978
0.474098695625
