0.882713450131
0.723428756549
0.600095259488
0.410876370135
0.901777837991
0.950335857535
0.0243810147306
0.162151899871
0.377348778485
0.701359486827
0.591976222076
0.717336319345
0.0503258745241
0.306171986484
0.817826927224
0.0249158330536
0.932308652164
0.451226738616
0.976056034554
0.126851619185
0.406139586707
0.59079753912
0.786608291205
0.271447297888
0.261721443682
0.220101780867
0.45910885875
0.915024308803
0.162342871883
0.598269388167
0.0343851809602
0.423506793449
0.400477687203
0.105352904165
0.232495681483
0.0413349719138
0.733397343123
0.765873388449
0.00979963669452
0.0179050874811
0.547915919754
0.837178059853
0.862020710128
0.203028558438
0.929091294597
0.972705356622
0.476628848004
0.145793525554
0.647363638185
0.947110143138
0.790706706258
0.601252747389
0.0298371874431
0.941496192803
0.230921694789
0.817524532645
0.420075898037
0.684169447815
0.683123388065
0.682220348959
0.690377613934
0.330598865957
0.450528906031
0.0406733687315
0.898093967623
0.935774969942
0.859855323904
0.460217537075
0.728239364093
0.346698076815
0.0689948871434
0.166581899753
0.406350925034
0.0807297586615
0.657792875082
0.957495124381
0.35242445191
0.989187138227
0.908978738039
0.194491953987
0.407207319768
0.688393661582
0.876100816225
0.556590003985
0.88195156695
0.56154764457
0.158909625665
0.61314725139
0.753944225268
0.631859813128
0.578218685031
0.0729073892398
0.730481306789
0.0539613918374
0.63871280722
0.381765298114
0.382409469845
0.375080556659
0.302807580428
0.979437422913
0.315587026968
0.219044651967
0.422157500215
0.632253410417
0.373215607688
0.366747036649
0.765034266435
0.605982474281
0.874387719994
0.643219190321
0.860334469116
0.924314056063
0.54175311007
0.39967069161
0.17355561199
0.255991115857
0.633559220214
0.979041219554
0.734422732639
0.548590653721
0.394728535075
0.124701830823
0.38881906265
0.396131184954
0.625834307177
0.987233796436
0.173942726277
0.779335676673
0.382738362277
0.220564978481
0.424869221018
0.322961665222
0.0119491161384
0.401317425484
0.563882484822
0.658741586982
0.952068543314
0.993867191841
0.784431588793
0.959651569623
0.206926339232
0.610794800398
0.289248342406
0.582956848229
0.74976057692
0.0730562928968
0.677179974879
0.182357239961
0.0488810727704
0.0350035124028
0.00517365738793
0.941516253992
0.841640263578
0.632131701785
0.312281028594
0.623237677994
0.436046250317
0.988356309315
0.501845360335
0.965676670431
0.32651793411
0.462432638844
0.477514862782
0.761935645392
0.889953566625
0.337362499886
0.434949115512
0.486565802496
0.551604004883
0.96966805691
0.743643932989
0.864423671728
0.758573967379
0.00811299224771
0.927505072118
0.302660467192
0.362618578068
0.226152570599
0.081643462907
0.577006976364
0.70044698316
0.213644809701
0.357304782408
0.222822457416
0.97765912326
0.256506698305
0.650059905655
0.120356390986
0.459974729558
0.784353700619
0.341254994818
0.909024318833
0.0514997054429
0.692664683315
0.221457246713
0.750048696954
0.210339070839
0.708607041778
0.825323212643
0.0632179050791
0.0371152765992
0.185216284883
0.392150322581
0.155658974968
0.351889261578
0.335469902865
0.143312358229
0.966889708002
0.843011775555
0.974396558177
0.991447740823
0.255884451448
0.236981868159
0.816406334822
0.954489557495
0.760310781737
0.91505587707
0.382593461394
0.869148135526
0.177496263603
0.0483636170615
0.800749178501
0.993168604028
0.838517272635
0.779567304072
0.15761647092
0.762499339099
0.528551292746
0.395897967108
0.888019476885
0.659942448926
0.344157963956
0.54964893428
0.322108592311
0.684257739273
0.284616800017
0.891465273463
0.993273146203
0.88235087999
0.636476806808
0.872068024373
0.255601961614
0.416273850702
0.675510794846
0.188901923401
0.342696655424
0.625860745764
0.0708655005106
0.0322138533594
0.543484402266
0.53317746974
0.862251311627
0.931612020956
0.324411334273
0.179817168726
0.333677420112
0.735405447867
0.466864472658
0.750055921122
0.250340935748
0.429839351352
0.761808831463
0.610113872988
0.992577516928
0.648943079736
0.384763593139
0.801599033448
0.806220210969
0.972696622213
0.574963189122
0.510252567779
0.53731666104
0.978646629816
0.879453472195
0.61927511185
0.769733114835
0.190380337759
0.984934419709
0.340638140864
0.617672369611
0.62700181304
0.668659725355
0.00436864735707
0.2659408752
0.0650642846365
0.924065486487
0.156240275945
0.160654022692
0.748221260154
0.838842926896
0.750686788327
0.239606838675
0.605398097184
0.847456660872
0.8078722129
0.777789193326
0.518515826116
0.259362037848
0.692911418104
0.211400292799
0.86391650117
0.629792557391
0.517280027158
0.0605868991472
0.749400918521
0.195767176008
0.119694609934
0.0750892853606
0.761767745361
0.550550568342
0.260354563094
0.925544691784
0.132506572987
0.259517929854
0.641777154634
0.118691132706
0.0553913290783
0.459971340708
0.6514460571
0.065376904099
0.111173764746
0.369437697365
0.0399312790863
0.550113922021
0.224866960929
0.579457730864
0.843596245037
0.940402648475
0.749129759792
0.93404300916
0.203102689776
0.193837986532
0.591254294523
0.0459332676624
0.190786884555
0.888985094876
0.90302138218
0.616509115945
0.770451106565
0.13527675616
0.731604750084
0.963736868349
0.357901676761
0.676891807912
0.75896064204
0.357279231188
0.859859489932
0.0273171473755
0.334102420283
0.677243334703
0.000357522008502
0.955164589976
0.958008130347
0.757773494751
0.195445555209
0.0346156626575
0.76839853007
0.12248876636
0.0408109359758
0.484917997466
0.238076909638
0.591554309649
0.455169748738
0.911037985691
0.382758702005
0.145254706883
0.371854344014
0.632429286849
0.497744363364
0.265024377984
0.934926254748
0.553627538296
0.814359263282
0.337016462793
0.309699333979
0.0255530099684
0.362019963757
0.633843854518
0.9555445747
0.937698268488
0.913987324302
0.719124469548
0.487082807192
0.745474983508
0.0992032922319
0.924285406796
0.00768766325377
0.343227221425
0.91123472155
0.587508336005
0.122229371437
0.121157917747
0.323030547667
0.0822440285704
0.40990556313
0.704188159696
0.449315235751
0.401637140353
0.810810126875
0.543206635964
0.7614191955
0.835114241219
0.0857620319765
0.843876285014
0.409749505242
0.312530435734
0.977650758406
0.982525397689
0.593295874633
0.364679579538
0.781846796178
0.979038434641
0.397824329675
0.0556805021473
0.597341936477
0.478950806259
0.839898682233
0.853977895758
0.727883929328
0.274586179926
0.789734804776
0.538571445283
0.433337156978
0.184090602543
0.739858276368
0.219062830976
0.378012290924
0.859969228918
0.246748818903
0.870316958559
0.0264553236429
0.219992638669
0.959253258182
0.212522105726
0.0359604195194
0.340401109629
0.692544949021
0.081112631488
0.291836815804
0.861784805028
0.298093793404
0.907088880474
0.0737686094201
0.0924519788351
0.493486580403
0.193322431466
0.96530979125
0.252716299107
0.142790149088
0.811930545713
0.46269894395
0.817376176484
0.367374976342
0.18893734382
0.268502906415
0.276153953128
0.0492086896198
0.425591414939
0.827169187425
0.542388177189
0.326019070067
0.820348368886
0.734630201562
0.49821435502
0.575580401876
0.00392576111752
0.766746674772
0.5152444351
0.519296833376
0.943339764996
0.393656083066
0.0323343279674
0.51320858145
0.923949217831
0.419411908588
0.38028267225
0.275322421936
0.23408357239
0.36141085653
0.915994062413
0.321730456648
0.228722583761
0.0195328117083
0.841346607663
0.82035646752
0.392018523606
0.132362490453
0.641003487016
0.724031477216
0.0638352866062
0.190438929229
0.804576771555
0.852578189942
0.753174776699
0.13950894957
0.876719574069
0.0474009049868
0.829535785231
0.609670039848
0.248895177964
0.115986720774
0.212317890232
0.957147412565
0.689524579618
0.0403758671716
0.564559900644
0.144915462105
0.412824687501
0.680189057105
0.891285763964
0.144361228867
0.819639662107
0.303087764787
0.195352872595
0.338034095289
0.356086181895
0.628509433981
0.552519983909
0.700784200351
0.6692890739
0.357671085003
0.601680053253
0.482682737095
0.662267033825
0.673844374553
0.499537984548
0.723197720758
0.339010384704
0.273248544036
0.994932358297
0.84528102129
0.572988109078
0.324425669197
0.622615224199
0.81554568964
0.372976909056
0.0843003157743
0.835573597092
0.413234514717
0.965496671558
0.316549476567
0.294352717938
0.547724410439
0.0380004781871
0.43568186245
0.0332675683311
0.252193924174
0.54881086567
0.693459440303
0.163301268856
0.241675522985
0.717490243203
0.884062603094
0.583424952014
0.593443622864
0.0765642843746
0.82423997939
0.317108896407
0.522545225067
0.512843770178
0.676280178994
0.71100019773
0.75639748684
0.744278336733
0.980476003029
0.354482367882
0.881483379795
0.663216060992
0.50521111372
0.46963772496
0.256836221343
0.239384641933
0.179850666152
0.0860960756375
0.0825360529572
0.485883862579
0.101883241131
0.0252626477589
0.34278528027
0.166554919428
0.240921301792
0.0457840073823
0.486469945112
0.991753429334
0.897943315629
0.940332544371
0.885995477779
0.707651569521
0.196143742913
0.170053706525
0.00712224645628
0.338158241021
0.349761695883
0.258324273134
0.202016243814
0.180299991848
0.322521675321
0.360118989716
0.610852745294
0.33480791463
0.573691704973
0.776706182195
0.341507492121
0.693400174667
0.281521074153
0.0607012754881
0.0707065113448
0.447507674448
0.691518514523
0.851317588978
0.69127385615
0.466872661084
0.651929258015
0.521599353725
0.689241177527
0.258532644052
0.739294400944
0.0214429448722
0.55535081287
0.90384422717
0.788489879803
0.162560572565
0.873955820378
0.628239371849
0.57591564085
0.553596031836
0.424659660068
0.0416159006844
0.171390369647
0.764934759834
0.722968600984
0.0659747824169
0.484579885917
0.667598635749
0.118998317474
0.902038559415
0.508939595813
0.2208619059
0.105992914788
0.876468866167
0.876682626983
0.00217035876885
0.0775888769277
0.267544436833
0.907981272618
0.782697197851
0.746018343745
0.098768443547
0.924018246626
0.412051611154
0.358812238003
0.661960800665
0.531642559049
0.405826057791
0.0234680083255
0.696044852777
0.0446240603551
0.382117480359
0.179032122447
0.217915765918
0.733797739893
0.135828119318
0.836924554075
0.3428439919
0.902438583455
0.622375349931
0.0785213713034
0.900884133147
0.6695849143
0.308794922618
0.27132542645
0.636019651804
0.169280444347
0.39838095688
0.143317345265
0.123409098891
0.930683769755
0.952280212759
0.666040391701
0.973505203343
0.893156782425
0.221512510918
0.210093380883
0.779074640568
0.0826738606653
0.0667765972875
0.250109062574
0.275012117394
0.150262364856
0.8603349458
0.17956330537
0.345157605998
0.611132095231
0.249397497115
0.514915834916
0.994497087332
0.303454791898
0.321756626687
0.920810642603
0.0783354791675
0.25396905828
0.854129846122
0.0385381504252
0.268095151504
0.932913473429
0.12303479927
0.600538499277
0.143613257292
0.216086609872
0.460296781851
0.900404772341
0.946348370436
0.211074687965
0.825289827803
0.967549591278
0.725121674176
0.495846993561
0.110968687241
0.940745295337
0.564009486262
0.881898062831
0.375755176375
0.816504649974
0.153612416202
0.195862847817
0.10073588063
0.822661505556
0.169193721478
0.412280402566
0.403063245608
0.849502672459
0.0929403185306
0.551005031678
0.257653739619
0.836490355291
0.131686166687
0.735460720625
0.3356681825
0.74535938436
0.739859659858
0.667230477552
0.8579489089
0.507786049781
0.64483035929
0.0924808259039
0.211738765643
0.523375234416
0.441778548884
0.444862533665
0.785676315865
0.71221401269
0.290004667806
0.0614487919745
0.150990654177
0.548704320215
0.371811916134
0.462295435417
0.901347603513
0.165103611126
0.741371857413
0.887824327376
0.785555522402
0.0784886175438
0.71015253278
0.781611666243
0.584297227673
0.887851358398
0.300947613181
0.691142711124
0.122209757864
0.906290807051
0.908416648591
0.420083147853
0.424264637393
0.160349758486
0.0245476590033
0.733294691057
0.139401427033
0.976338386617
0.856916336252
0.983882653734
0.450262688075
0.877447170211
0.568418201731
0.445769326115
0.797059205614
0.677240724922
0.115225064946
0.783619061101
0.0371684340798
0.321350643061
0.988468505063
0.735583036736
0.921568369056
0.857088266628
0.519968175772
0.0728470963442
0.653314278322
0.206918455807
0.510633587478
0.678756866116
0.659135797756
0.770965347492
0.204925704836
0.334126101009
0.229939833425
0.918873447281
0.464049176513
0.670398181856
0.0409855787979
0.748083904846
0.959209305631
0.956969967806
0.698728161116
0.23744945142
0.0263137734338
0.779859183722
0.59763565189
0.564776766301
0.933012440351
0.26166980589
0.878274968152
0.0649411203109
0.316850449897
0.74825219167
0.980742929982
0.0163108137568
0.333398156189
0.819208903696
0.725771681347
0.91862334397
0.39474836709
0.133481674235
0.597088144526
0.293733917052
0.446077197957
0.725756068345
0.889786852448
0.187703275858
0.389616135899
0.719809033632
0.666192240874
0.72564482273
0.983891361386
0.541615242587
0.00301777011945
0.671178116309
0.304079857404
0.390878698635
0.857719654617
0.629715649016
0.616726783133
0.11888162594
0.0306134029394
0.194254206039
0.961882149554
0.315895799905
0.261557378885
0.790396626522
0.887256654182
0.64414550797
0.357967747144
0.580339510823
0.723024635109
0.687252150299
0.437296122115
0.182310611419
0.340203345462
0.676092323167
0.420877385987
0.954936050082
0.872370026919
0.740127463934
0.0661118079669
0.665728512262
0.253170171172
0.828813647566
0.278592236294
0.0413147699971
0.453509969185
0.658730342649
0.846549723981
0.265222425188
0.371892616738
0.468799721274
0.614100531322
0.300894672546
0.958281290373
0.0459793730285
0.490127423589
0.597423376899
0.239885774241
0.971016224336
0.473327898413
0.719065474024
0.0176420474042
0.415819004773
0.269428057568
0.443318695795
0.727263852724
0.384310617243
0.176485211838
0.98136756708
0.515781537695
0.986858041624
0.181695963532
0.965405106586
0.44923813851
0.912668208576
0.283266583637
0.428167426344
0.544177111962
0.221710929129
0.419864046977
0.130250088287
0.228608653211
0.434905840048
0.506562544603
0.0234405332343
0.394567040397
0.448481393565
0.130063644454
0.547501847111
0.100239372406
0.49312140198
0.49944388655
0.500726595082
0.962308426871
0.714453190281
0.0104090363673
0.0168188540431
0.0927820123081
0.356862470886
0.0526158126317
0.604247944119
0.638876951905
0.669091080601
0.8727421884
0.523495904027
0.0359952246488
0.355476217995
0.58313012053
0.881304921964
0.15927454271
0.731144848171
0.930711646094
0.513717501483
0.432729494573
0.280760382858
0.575730752417
0.408594853933
0.562920383687
0.448251210073
0.377611452859
0.948039226645
0.28959186771
0.0640784942374
0.73606633497
0.952997933939
0.376625324388
0.58248168757
0.114533897223
0.609272989466
0.382023894433
0.245255096778
0.918072229521
0.253638882349
0.199157312839
0.677477836235
0.416127127233
0.381232544046
0.0727596411019
0.0844989980809
0.348187170452
0.444892929238
0.233609311214
0.391588328211
0.721032305825
0.366600541453
0.590871304672
0.0894321848143
0.24347297953
0.885434244843
0.230744466918
0.565870655203
0.279418850969
0.247337518636
0.0449297145835
0.71716901906
0.771263782423
0.387039530439
0.828517355227
0.700999992407
0.673387916941
0.441262861317
0.578224446578
0.952883441769
0.515578250026
0.332484750982
0.447060307419
0.750969309794
0.602461423852
0.918201960847
0.924441987774
0.216071797605
0.704361023364
0.368895140369
0.753966155219
0.633647258159
0.535949717372
0.489522789361
0.550166300782
0.824656296736
0.539011023264
0.059561807437
0.785581192986
0.935170005971
0.0207555857721
0.171142999417
0.12718391351
0.437339534052
0.0597500880824
0.555268717863
0.57132916839
0.0232722394704
0.29646903964
0.138951907523
0.175109748305
0.872004895816
0.133798428629
0.17996554319
0.0191818842978
0.596460201185
0.955139464494
0.744286864993
0.477052950031
0.146492493012
0.673399172083
0.584832884303
0.457926350565
0.115919320479
0.899024229865
0.507280284763
0.80252540006
0.868904569087
0.643184388755
0.944763240962
0.685812079291
0.850007009395
0.176661205613
0.129650020966
0.47459788724
0.441522499181
0.150407613065
0.816439849474
0.0565292119482
0.146014944513
0.0131826454943
0.566421123412
0.70192519221
0.4803939062
0.111722362793
0.579473326434
0.897881378277
0.190370166683
0.530311050314
0.92246910063
0.348457839219
0.655961997099
0.0270247993343
0.751911451403
0.65241071168
0.890786751096
0.621297123926
0.359749710341
0.617428446283
0.916703208038
0.40976090715
0.181303457276
0.655099216086
0.173673920931
0.0823277324209
0.915075000352
0.092189615473
0.0120070953936
0.621183288004
0.386132070613
0.305080709129
0.95777756065
0.131675313266
0.59811397667
0.629825116493
0.507234795376
0.882384886167
0.616233818127
0.179599516848
0.150775261203
0.155500925852
0.228219600964
0.589397959216
0.803332795885
0.900355186156
0.672470768735
0.472093626069
0.11841134127
0.391712729181
0.176963805812
0.349758580264
0.0572552258367
0.740422528705
0.0780854075744
0.992023116847
0.611123993194
0.365167073569
0.986477613948
0.412151210183
0.539445189263
0.510144686056
0.0303198405302
0.891133324748
0.594390407363
0.0399786571076
0.0459114878014
0.955656415628
0.171649514733
0.248958181839
0.147083240376
0.686966100941
0.14984662369
0.23021002215
0.0329062744112
0.674305233991
0.227489192945
0.650267089763
0.443522085511
0.171484844233
0.947431611767
0.371378367893
0.637614157039
0.0408435897438
0.826739610272
0.353412063194
0.907482786967
0.200233220099
0.375238391789
0.584813596624
0.187195654466
0.580505467504
0.889913281139
0.884805356016
0.0769782316851
0.445409525031
0.70828808568
0.757077753531
0.870232865625
0.639179695078
0.873526872721
0.15538845852
0.577216298451
0.121992350532
0.0264158447083
0.484271644709
0.451429575964
0.0519096899171
0.192738445158
0.169758035125
0.849438630689
0.934378505286
0.532571557016
0.46817295287
0.00423971284969
0.0216730514529
0.43006458271
0.515395756723
0.738703861739
0.726424916018
0.840355669057
0.381489104455
0.475182303891
0.433938973483
0.680147051114
0.567723669927
0.326031407599
0.911684455346
0.81993872345
0.407392101917
0.155546183447
0.766758804091
0.10339082019
0.7863349813
0.0897824906441
0.276255772685
0.809911016864
0.895531956045
0.614147400172
0.893716733947
0.322574746778
0.00536264890821
0.0542527124277
0.924766803253
0.468508106429
0.402986988838
0.808367530773
0.653458824782
0.671241310556
0.448666974796
0.588695036448
0.239986203539
0.228143089528
0.270505071527
0.280166061042
0.956088000833
0.26306160581
0.608681583431
0.843899742464
0.0121227104594
0.466599325694
0.930948704374
0.981291746652
0.581829273516
0.136061146155
0.869710317811
0.355252249784
0.489278585811
0.644884451816
0.59581067103
0.46291992026
0.640457016609
0.420255656859
0.708933575774
0.540787167623
0.43345131415
0.231110671522
0.47883530622
0.68712391393
0.762234417676
0.576709502383
0.770842308924
0.914347553243
0.0273683696912
0.859163559038
0.47352941216
0.76201770004
0.1621381538
0.960508778656
0.144212830874
0.040646879656
0.2564640897
0.567728943372
0.11901333653
0.130535349265
0.457274864315
0.880854805622
0.932398268624
0.796817710474
0.255162208732
0.503811442339
0.0826383569307
0.445197545463
0.669260114751
0.826061980983
0.832023621382
0.603763788986
0.160855611702
0.432713122519
0.595359383207
0.114422442926
0.0636048954425
0.0366081794783
0.105421369421
0.44247912474
0.134067375916
0.0973453198568
0.945108067665
0.0184483328421
0.573782773685
0.892464289517
0.436760198935
0.368340810951
0.241020648252
0.725649004349
0.850683849493
0.382170867501
0.426428688052
0.84245964251
0.61814966377
0.459413217552
0.289689413314
0.120082342879
0.461910341188
0.422763111689
0.764279324885
0.351345822176
0.402297382189
0.0716095896579
0.548570300678
0.756294107906
0.584642060054
0.294421542456
0.883266881889
0.930991471165
0.843861477767
0.973537168779
0.00884269595073
0.246373465572
0.872946974445
0.973657085092
0.199221169662
0.262084139745
0.610092618966
0.186662788145
0.964998931322
0.624087013665
0.949241903368
0.435952904192
0.136013597263
0.608203540743
0.000196921950348
0.168774417325
0.87728495565
0.777527184973
0.676165743743
0.780470163984
0.187152275292
0.0210379186911
0.630825113809
0.571441061997
0.847151279402
0.508752944591
0.574004705711
0.622737638462
0.764461999534
0.144859955188
0.514304578359
0.480468194552
0.172708850348
0.703946450043
0.628937924482
0.147707859776
0.157826331163
0.392319763713
0.483380495771
0.348632982478
0.432352473937
0.00554209664229
0.131084850516
0.658417209385
0.925651302089
0.1112081828
0.662738930008
0.981029102234
0.0842969733268
0.665066952732
0.62506920404
0.36499135923
0.270885125234
0.896927196794
0.790061362078
0.862404174725
0.485571553872
0.653617153537
0.729711899816
0.282065986681
0.982080047092
0.75636574852
0.637083234014
0.516463575076
0.257919155922
0.0775114768823
0.611701146765
0.821732242626
0.383071251183
0.968052464856
0.746950085531
0.682726423003
0.446229982613
0.439749144422
0.461714772468
0.313026925281
0.942991291118
0.196121675275
0.991104774346
0.408292541581
0.317352780135
0.995395408541
0.689659955008
0.664081123468
0.226987733576
0.14122046855
0.0584968766801
0.189732743908
0.132936503816
0.397174976794
0.14388055138
0.585321033435
0.400780037646
0.671255236474
0.913347063502
0.43733557121
0.832284054412
0.128958985833
0.00855695564874
0.402898929399
0.911791738194
0.47378965295
0.0991098414998
0.723983859803
0.337696884931
0.660755555906
0.458601877765
0.924911396685
0.203128736543
0.975193296536
0.350262788926
0.423888078491
0.239362412767
0.82921226465
0.0770329904218
0.728216391371
0.862184084556
0.791636221456
0.550414017056
0.214879517284
0.350033964936
0.516605710441
0.966130630265
0.951993562413
0.381769260304
0.00766731504437
0.516596768927
0.858416726749
0.069328594895
0.0410624210879
0.879427159157
0.0341421319295
0.382430294089
0.867611565525
0.461477910372
0.223485376667
0.409217610308
0.572379580367
0.823563479608
0.265759156415
0.551465832009
0.70973327797
0.800751167526
0.884084575131
0.717514145052
0.886278732228
0.0181414712841
0.186255604854
0.38119744665
0.583673051364
0.0784953222331
0.3671801962
0.906357052547
0.183124269598
0.861088976461
0.983506681845
0.322019559173
0.802480443696
0.278994505589
0.667712804445
0.0367516314876
0.821374572316
0.204965861836
0.415684946256
0.600939713608
0.94738375726
0.374827333601
0.757244861744
0.670444790437
0.244489627167
0.0554509697827
0.647677688802
0.921415927223
0.851858109815
0.114775383754
0.0847486166447
0.856037263671
0.479248551644
0.0482911123711
0.779840747342
0.542914976613
0.932916203676
0.738877419242
0.491922023809
0.917765435861
0.840926809234
0.623656235568
0.902756022104
0.749827368102
0.245455031695
0.563629598083
0.640825508468
0.30033512928
0.927528045642
0.459398020658
0.0493172891215
0.12469996367
0.489300159943
0.628689381054
0.806253680669
0.894606365796
0.201493836795
0.297548758387
0.889204805888
0.219543579839
0.6568042251
0.306669683977
0.120956877093
0.0108737182471
0.701582282298
0.962162711039
0.179582530352
0.209829128533
0.0521813710495
0.758147394305
0.155856614949
0.561679142375
0.330466499787
0.383449694296
0.947291611592
0.63337560322
0.524365203177
0.83816904038
0.552334785695
0.423842899869
0.579337666042
0.202129104419
0.615419627281
0.154730730235
0.566649363456
0.1869613325
0.259998312581
0.56458453631
0.72200425397
0.0608922353446
0.202412765758
0.576237370902
0.215459939371
0.895671720157
0.930129061812
0.461367559992
0.592738678999
0.435345069333
0.694766468805
0.633717471027
0.101244027263
0.3400759569
0.43907693913
0.345862883633
0.0415448542647
0.821837600922
0.206703036604
0.257252963682
0.155159124267
0.305728387358
0.392592990931
0.991960082701
0.140866347606
0.180105037929
0.630502897773
0.749616056062
0.267306942568
0.125997762366
0.419907802073
0.0936058833318
0.0653038197444
0.874103564596
0.180968359476
0.871063058902
0.933398690247
0.295360844603
0.174776819398
0.542082388748
0.538526347915
0.505943546468
0.955959037501
0.916707955827
0.101697660507
0.595246370876
0.00306410412056
0.802302368264
0.208972957098
0.757131391632
0.658952080698
0.542475386945
0.011386402214
0.852956041684
0.267780872121
0.0392130197599
0.0749410712442
0.846598892121
0.370399150673
0.606199086181
0.205160297791
0.415429803586
0.080173894311
0.876115460719
0.256738377766
0.26542592948
0.895463299609
0.393542833079
0.098486621205
0.386687464879
0.174836284465
0.113771860893
0.445038366209
0.659569527635
0.84724213635
0.250322108592
0.394742573514
0.00494902324754
0.483343250138
0.273390549247
0.561676513097
0.864502392901
0.27594483025
0.243882380447
0.857484108397
0.51558567852
0.648945143324
0.964925062424
0.358384541137
0.681694198605
0.491015771443
0.054914697854
0.625055812908
0.142266623369
0.650841054972
0.741466821918
0.736681091394
0.493368952617
0.991418261626
0.832953141762
0.486763897087
0.742910399236
0.482883505704
0.362623523163
0.0592090090144
0.630592717275
0.632873022417
0.931295001743
0.66897180277
0.184792005655
0.766615291223
0.04011725313
0.869200152006
0.749250602335
0.96715223845
0.0966506723392
0.752508672164
0.166911839383
0.851735838082
0.0090411594521
0.463966983249
0.61711640269
0.136758752005
0.0718449191004
0.211723175632
0.903450337413
0.418664872768
0.722654880831
0.682858812431
0.440548244897
0.00877330299839
0.994874611059
0.272155923415
0.582286722314
0.386461284143
0.869263632619
0.578574804274
0.275463820536
0.842049145744
0.794644922171
0.18184152043
0.515019913455
0.0891320023887
0.396952825413
0.0281180786231
0.685949019337
0.4079697149
0.529339452793
0.963400108257
0.670598840728
0.572697410115
0.890248553739
0.842502909424
0.606869463429
0.53292918114
0.121104436366
0.38803686268
0.609919388049
0.0247086527058
0.800904230003
0.52249334471
0.989881923346
0.397358828108
0.382265036458
0.150662250462
0.273263943743
0.0506651502839
0.576968129539
0.940206506433
0.472123630524
0.921553984579
0.28045137103
0.614121965182
0.0730968736756
0.766827596701
0.881312279458
0.0778387309749
0.973355070907
0.767370365115
0.317567575557
0.0540647506458
0.453963265913
0.386662305939
0.713623505056
0.246162499099
0.241274829355
0.0547165383321
0.0942351583601
0.104391349463
0.984755374981
0.531623051775
0.106492854069
0.432956245335
0.140865421189
0.265223554939
0.338848384403
0.56606443417
0.552516431125
0.298959570901
0.0396386740802
0.147842973146
0.432333526627
0.147383061839
0.89825297343
0.373139043302
0.995928078023
0.655493615275
0.522060568189
0.404117772883
0.447762834042
0.387298257888
0.0192596756791
0.387954193472
0.835792194631
0.261609016214
0.961952861719
0.971167393322
0.932349233019
0.907097708254
0.189863474695
0.323421786685
0.279364325037
0.262347860459
0.672601083123
0.88488656179
0.811072561681
0.235120376841
0.771192101134
0.711590198583
0.392721958362
0.474779202237
0.777236895986
0.386403780599
0.59540838536
0.593053031239
0.717481890127
0.576969631372
0.397910692725
0.68064909978
0.687340396657
0.36375588215
0.859134876658
0.42072249921
0.99036497754
0.0715556188453
0.950795574524
0.925484062024
0.974196816125
0.767586821399
0.818675792186
0.661989634201
0.335926692776
0.5910969976
0.530820382314
0.244594318304
0.223553217712
0.574983317654
0.557503863755
0.88329537402
0.381587010857
0.882197890431
0.99083604501
0.23833072186
0.124902982745
0.949001288514
0.715251259142
0.27412228197
0.9946975744
0.595173461241
0.116733093394
0.461489890104
0.339796350706
0.686458061417
0.721303586104
0.376259129122
0.89256452378
0.651357512634
0.379975146489
0.297628884744
0.013301394908
0.265969316519
0.739056958416
0.387263727262
0.491651096039
0.288017453473
0.204311579542
0.672320095989
0.718678318191
0.701608794362
0.587965930722
0.120123207236
0.612575283913
0.45664265668
0.530245948621
0.648467992896
0.250973498791
0.330036960853
0.664673908205
0.620381331053
0.0532192525604
0.327664368769
0.245282907144
0.516101835
0.0749819129893
0.534257157668
0.21978051744
0.418628964321
0.414403725013
0.630048259749
0.0569185787313
0.0418525870091
0.261366202982
0.184205567331
0.574122810486
0.50717907419
0.786202871115
0.95655335422
0.449309525757
0.487108050717
0.144384084653
0.602212216931
0.174242067939
0.378083210188
0.988059469373
0.133752507024
0.969595545496
0.157321195356
0.955218398881
0.911982205423
0.337020163611
0.877887581233
0.106773022511
0.484422846821
0.127115377865
0.0697535045781
0.752907231472
0.694160733462
0.701633928529
0.639164812383
0.716881298112
0.566430685415
0.0202847659273
0.0497631078757
0.755035751147
0.821989785238
0.554184916607
0.509836099104
0.710634133511
0.911402711291
0.00842027813337
0.898909260363
0.829186578886
0.647626555135
0.497656271491
0.0176409094591
0.0911132017024
0.498468963824
0.568554928891
0.858090433588
0.234216847043
0.366084149238
0.491117847691
0.157855278001
0.276063990952
0.285342332539
0.954988488614
0.721545342922
0.734658544356
0.355677955777
0.415438869329
0.805074461871
0.932671189838
0.326800667461
0.106108248588
0.0157915007679
0.605778522554
0.515630803413
0.250045649772
0.830184053347
0.155412083833
0.29058927342
0.338316256362
0.504772264983
0.638127647731
0.220749414145
0.421003280317
0.230386172333
0.899353064404
0.335714238004
0.38838167971
0.842760019617
0.494091977125
0.281215609599
0.881343523083
0.495533375722
0.892043489208
0.162571544485
0.486702070823
0.606649017433
0.783649651174
0.968390922783
0.992728351403
0.215452892384
0.833681100854
0.938727725295
0.260887138766
0.504261229955
0.398997635748
0.87716807924
0.688766674553
0.234674946568
0.669186203856
0.254995335319
0.251351151577
0.222037718566
0.231426437305
0.464042191027
0.911904863557
0.0076101339316
0.676863271673
0.177040863862
0.788581673565
0.239061391395
0.0277101763496
0.436081724412
0.219022683511
0.450238924458
0.543280499963
0.663000376996
0.423540436227
0.959179744916
0.897373062967
0.876745042851
0.368374809372
0.798085715912
0.385037638361
0.573630956804
0.291730803064
0.185951164156
0.618056826078
0.155790536392
0.724703137314
0.55166619319
0.163736091978
0.241361055346
0.700777865542
0.272177748574
0.6965787455
0.275240875977
0.332732294683
0.175709257181
0.620463239139
0.912590990421
0.713051657722
0.0122355295757
0.274643265714
0.353815169425
0.128760702936
0.432596367764
0.841757201186
0.247400275144
0.539810245369
0.215791695363
0.633034968545
0.6747611628
0.683013627317
0.971736835814
0.648836388539
0.68419324549
0.818622524124
0.561749731987
0.552132752664
0.251930512745
0.0422626768
0.571396820611
0.263668025116
0.338701336926
0.890413480665
0.0796558204368
0.318596589061
0.940895593416
0.545374734382
0.0854174515832
0.671631304531
0.889621873094
0.439523642087
0.388374632814
0.108250464629
0.255285698709
0.386722204748
0.857441199508
0.0600243759853
0.189255471394
0.977115897017
0.269289152467
0.00366794716418
0.140747772225
0.441291824394
0.885286263933
0.0897679498687
0.0813572581807
0.547284389803
0.829322154227
0.645321663284
0.416947292644
0.983139838826
0.123373890098
0.151846789043
0.192578329283
0.0926421026197
0.760346436284
0.952392290418
