0.798553829684
0.821661548098
0.46643627286
0.332444942973
0.509286649378
0.112138846246
0.256840913582
0.717714753402
0.0655289066333
0.913812077617
0.853726832173
0.382803329107
0.0975726204481
0.635332906151
0.299352055437
0.997363231667
0.435983704393
0.262770324374
0.996503190685
0.0982469961765
0.515060235959
0.856985325308
0.653987843897
0.508783628599
0.0375069372082
0.162848029563
0.724585759673
0.207499339951
0.710126972948
0.0284046966966
0.316503464373
0.578627445199
0.0643110436345
0.649145142509
0.519665041429
0.628161387687
0.357830541991
0.983435945687
0.811601617533
0.20487107129
0.623242809404
0.353572979449
0.605240121244
0.868274265727
0.390014127743
0.341152988617
0.475865946287
0.355831406702
0.94486435036
0.144935228347
0.167456202797
0.867712307829
0.961700576057
0.181928840873
0.450167865709
0.958580801173
0.840857839498
0.241080557991
0.236412644649
0.0166753939461
0.916263128053
0.99890076572
0.463172725034
0.84661097262
0.47203560749
0.644465964629
0.859646970565
0.979384474696
0.839841734048
0.644341767293
0.662964483866
0.53622235476
0.178276610047
0.0697188525376
0.663531654706
0.748320350539
0.0167959798527
0.0160250055136
0.0614378631238
0.0484480762267
0.425114034967
0.610646999002
0.442968744553
0.375012069237
0.616474482227
0.00773035310512
0.494298346785
0.255200228423
0.775623829824
0.326037871749
0.688331946912
0.0331945899801
0.288175326247
0.94015811473
0.540622393557
0.245551635661
0.935409729418
0.916364070312
0.129659778576
0.595778389833
0.352959321913
0.692490031276
0.00542571920568
0.482964769691
0.779202070211
0.115905947836
0.0366929281372
0.381984149735
0.329978523744
0.188394789568
0.790139518065
0.112015104091
0.2291611257
0.161812752679
0.666679986673
0.963974857075
0.543461615487
0.117210480872
0.0445409757843
0.388187452718
0.72480176609
0.39747473632
0.524100296614
0.504360337746
0.648228357578
0.098658420548
0.931757331619
0.603268492409
0.700227708227
0.561391490355
0.0833745113633
0.314719476083
0.507828912833
0.751468373579
0.935152653744
0.746925524796
0.560720113461
0.433880472144
0.0226100497495
0.125513526104
0.731167307177
0.803283293142
0.825562128071
0.346274735561
0.142467242968
0.172452674237
0.275145600505
0.329075019894
0.407993286858
0.796397168726
0.0908391825075
0.406228591225
0.986973524169
0.597883061195
0.545678820659
0.309382001758
0.292929322125
0.361559152832
0.79957354328
0.0123110901769
0.447618670357
0.86982703168
0.109282826046
0.438091145853
0.0278828802867
0.727161560336
0.406386558962
0.290240923238
0.853219898697
0.493479266285
0.89620102282
0.968696115909
0.770396197061
0.44941107433
0.625308984792
0.987476047667
0.628501481259
0.939705199809
0.32157510829
0.967818514552
0.404897252925
0.116409711069
0.352378736105
0.172051812235
0.255810417056
0.243093406593
0.902194718387
0.330522351666
0.802032723193
0.302705115365
0.0439837107088
0.609579268329
0.823482628562
0.975582996503
0.535265427388
0.604106100985
0.975278489558
0.95347073324
0.168595733594
0.321293687857
0.284869774027
0.933649888414
0.124409446303
0.274903397857
0.90575858791
0.903878339143
0.882889764585
0.117402198258
0.0150153952519
0.848619003438
0.531337506808
0.586878013531
0.720021005062
0.077268318017
0.296251843863
0.928641628491
0.0320433741853
0.573433163774
0.512278670476
0.977822295793
0.0223005667486
0.911463481529
0.160015853265
0.820026524952
0.30202711644
0.772710281829
0.310096195839
0.958453706293
0.158249491932
0.554546491653
0.885632708479
0.00503070755403
0.850977422318
0.050362222011
0.724034991647
0.317953830096
0.82864625335
0.82426062278
0.433854463399
0.471788919832
0.983985071175
0.0680922686452
0.810863272343
0.133535868193
0.825130878703
0.945369473567
0.915363286713
0.307350807436
0.825872190045
0.417492082392
0.767266461057
0.120929074723
0.708250134347
0.0609962314372
0.114518524903
0.823482742018
0.566444354029
0.875502907418
0.397192111749
0.389202902531
0.412527080035
0.277536786284
0.307222298526
0.511868723126
0.324863853314
0.606773513029
0.326499588996
0.319828647285
0.935317340345
0.644300297352
0.376788655602
0.126593560939
0.883323515881
0.795458792115
0.407627124732
0.690947440307
0.863645676371
0.473617203561
0.809557878313
0.687295290266
0.793585711769
0.520909814172
0.477556922326
0.358594805309
0.631124446935
0.272353269174
0.688693165492
0.080405186677
0.573015761243
0.0878554709004
0.844471301251
0.37461149956
0.0886092309555
0.998451346627
0.115525236849
0.599236498132
0.0597326880688
0.66547959804
0.477700624081
0.166301298517
0.251393064278
0.65084768099
0.523288360684
0.722483975582
0.219361030526
0.583987287976
0.0132425830015
0.560343796619
0.754037315352
0.946930617836
0.753002861326
0.0472897977314
0.41957913538
0.283684157082
0.81353219234
0.88658667605
0.207255346194
0.348319859127
0.924883903427
0.588878421731
0.827240798141
0.619146450983
0.114850808593
0.518367589987
0.899807371222
0.28019806804
0.348616726262
0.878599970999
0.511549133247
0.524367285724
0.265162037809
0.108215842213
0.449493317388
0.0223545481083
0.841470572273
0.41506610733
0.0136960706303
0.343438855463
0.803528209398
0.615254902938
0.194912893167
0.973730104071
0.874192403766
0.137007836121
0.142352579066
0.103990556753
0.136698969432
0.537497218169
0.538248034993
0.452237836101
0.485630906107
0.768837497651
0.229178454081
0.307429904129
0.289813188852
0.58095732515
0.136040975524
0.831719954366
0.18351572077
0.892420750912
0.901615544094
0.768473474448
0.325666284244
0.224832828739
0.912693433019
0.906602963108
0.303406719835
0.0122484119705
0.112336995559
0.0132503392866
0.466307219672
0.729403022299
0.695191750758
0.0396019063863
0.0244382836197
0.55143852797
0.307975545136
0.270026202488
0.0952717735026
0.333374833781
0.117225239882
0.630003409158
0.279168227059
0.911807814389
0.94415911325
0.634676800376
0.763657206872
0.413838722421
0.43158405283
0.881623573912
0.221981304122
0.621404333902
0.545060350645
0.297760777314
0.778027296734
0.521958104255
0.630526971172
0.742088463019
0.803739480672
0.441902796309
0.191611677437
0.250410521461
0.0470213181158
0.276837058316
0.50242179903
0.818415662269
0.918797900986
0.787876683026
0.889545385726
0.682320752679
0.775125402123
0.889167464922
0.437246600124
0.480350589884
0.866448079878
0.172233240784
0.123591875523
0.421991078559
0.848805194004
0.665648258093
0.337505382575
0.674097886206
0.576123471608
0.800447244882
0.396617861086
0.773311381402
0.658690229554
0.21621752671
0.903288592128
0.239365739514
0.728141359025
0.0947429764277
0.583221309345
0.758428598059
0.508211160093
0.0199042915592
0.462868572448
0.251169607895
0.88013331357
0.68126356762
0.264432968917
0.299308322794
0.186818188923
0.604072667216
0.438931305268
0.111089808201
0.938211561701
0.0799157599105
0.818791948174
0.892834710996
0.165237601851
0.613920870558
0.405374820635
0.306912348778
0.954261190892
0.244932029445
0.272832192453
0.501242623599
0.972841387119
0.965915676133
0.284085659017
0.927597162842
0.0851032320874
0.768492756407
0.478362538217
0.984927233183
0.572910024226
0.179628822235
0.855133052362
0.516601095126
0.332713439298
0.958191934276
0.528036789352
0.293380381214
0.24158125767
0.401797347927
0.929222975001
0.766711060838
0.558694441344
0.366389294961
0.188733312762
0.633651562135
0.0361712651297
0.0867602569621
0.203019380266
0.939427913227
0.144763779622
0.00907845279854
0.587645641757
0.730838596581
0.352604933413
0.879556602344
0.792688149829
0.313765385901
0.691916092421
0.871269307909
0.144249284833
0.919397208334
0.769446488841
0.987315521206
0.516924952545
0.569215512842
0.47761450148
0.401866446783
0.594062457693
0.962723799433
0.197284478585
0.280446580186
0.794200086318
0.563443438711
0.817073458502
0.406668640842
