0.986946
0.827987
0.258553
0.577345
0.0988842
0.879205
0.966206
0.047942
0.965008
0.259556
0.502012
0.108643
0.649801
0.335536
0.843214
0.838973
0.454513
0.592174
0.332232
0.841703
0.416454
0.192924
0.284374
0.861319
0.421837
0.310844
0.377315
0.676865
0.314002
0.831844
0.83811
0.658922
0.931746
0.939749
0.0843024
0.928662
0.600894
0.1217
0.755792
0.515772
0.239406
0.235104
0.589072
0.720509
0.171666
0.405933
0.590788
0.117309
0.44361
0.462852
0.206706
0.00987893
0.139021
0.533626
0.624205
0.76957
0.383987
0.0619526
0.330426
0.468754
0.995171
0.158103
0.0182229
0.624312
0.487053
0.895209
0.824059
0.512573
0.777094
0.854892
0.814594
0.555358
0.338551
0.0487616
0.0650347
0.366687
0.431415
0.848641
0.106274
0.159172
0.362759
0.345938
0.669788
0.188175
0.0561918
0.164758
0.60634
0.99372
0.285209
0.504208
0.883805
0.370352
0.631068
0.327314
0.416826
0.496365
0.456613
0.53826
0.184115
0.428534
0.910206
0.846033
0.820981
0.856248
0.883081
0.0918706
0.977396
0.174833
0.567903
0.51354
0.445159
0.59986
0.207535
0.436774
0.590213
0.676681
0.0511945
0.140149
0.686412
0.272592
0.592798
0.520997
0.526242
0.664428
0.0444937
0.34268
0.144658
0.666067