0.104505
0.744453
0.515673
0.96623
0.629484
0.126187
0.522185
0.301426
0.368334
0.550102
0.941936
0.717553
0.920906
0.577797
0.327753
0.388316
0.41028
0.0189918
0.0995127
0.825488
0.667387
0.826695
0.889896
0.823799
0.926454
0.0482031
0.79447
0.537358
0.127204
0.871953
0.505106
0.0731791
0.717993
0.371251
0.250567
0.215907
0.98813
0.440168
0.0784734
0.0273844
0.388024
0.397315
0.270262
0.388909
0.0523272
0.705176
0.527009
0.33089
0.482809
0.0835266
0.156248
0.638146
0.343194
0.00861706
0.10824
0.533995
0.301985
0.988754
0.538678
0.793473
0.165045
0.918904
0.245267
0.864568
