0.520879088598	0.483036444528	0	0	0	0	0	0	0	0	0	0	0	0	0	0	0	0	0	0	0	0	0	0	0	0	0	0	0	0	0	0	0	0	0	0	0	0	0	0	0	0	0	0	0	0	0	0	0	0	0	0	0	0	0	0	0	0	0	0	0	0	0	0	0	0	0	0	0	0	0	0	0	0	0.981631975527	0	0.92699056165	0	0	0	0	0	0	0	0	0	0	0	0	0	0	0	0	0	0	0	0	0	0	0	0	0	0	0	0.925325132888	0	0	0	0	0.297617217175	0	0	0.32382490423	0	0	0	0	0	0	0	0	0	0	0.172342993956	0	0.71524815682	0	0	
0.483036444528	0.5183233127	0	0	0	0	0	0	0	0	0	0	0	0	0	0	0	0	0	0	0	0	0	0.807739912117	0	0	0	0	0.168192954376	0	0	0	0	0	0	0	0	0	0	0	0.41456160862	0	0	0	0	0	0	0	0	0	0	0.870018532456	0	0	0	0.417651680962	0	0	0	0	0	0	0	0	0	0	0	0	0	0	0	0	0.91738664525	0	0	0.986104368984	0	0	0	0	0	0	0	0	0	0	0	0	0	0	0.0338299081404	0	0	0	0.768801722282	0	0	0	0	0	0	0.66939072939	0	0	0	0	0	0	0	0	0.428342832198	0	0	0	0	0	0	0	0	0	0	0	0	0	0	0	0	0	
0	0	0.685621264523	0	0	0	0.718781414565	0.537446916851	0.867449312542	0	0	0	0	0	0.261339566357	0	0	0	0	0	0	0	0	0	0	0	0.836255945057	0	0	0	0	0	0	0	0	0	0	0	0	0	0	0	0	0	0	0	0	0	0	0	0	0	0	0	0	0	0	0	0	0	0	0	0	0	0	0	0	0	0	0	0	0	0	0	0	0	0	0	0	0	0	0	0	0	0	0	0	0	0	0	0	0	0	0.349509668979	0	0	0.978855718402	0	0	0	0	0	0	0	0	0	0	0	0	0	0	0	0	0	0	0	0	0	0	0	0	0	0	0	0	0.706727427728	0	0	
0	0	0	0.89454247904	0	0	0	0	0	0	0	0	0	0	0	0	0	0	0	0	0	0	0	0	0	0	0	0	0	0	0.205840528092	0	0	0	0	0	0	0	0	0	0	0	0	0	0	0	0	0	0	0	0	0	0	0	0	0	0	0	0	0	0.461331696043	0	0	0	0	0	0	0.512836710847	0	0	0	0	0	0	0	0.735614676545	0	0	0	0	0	0	0	0	0	0	0	0	0	0	0	0	0	0	0	0	0	0	0	0	0	0	0	0	0	0	0	0	0	0	0.697167447678	0	0	0	0	0	0.39349192456	0	0	0	0.76497727775	0	0	0	0	0	0	0	
0	0	0	0	0.887385432253	0	0	0	0	0	0	0	0	0	0	0	0	0	0	0	0	0	0.733896048629	0	0.184180697921	0	0	0	0	0	0	0	0	0	0	0	0	0	0	0	0	0	0	0	0	0	0	0.460186677073	0	0	0.281654897001	0	0	0	0	0	0	0	0	0	0	0	0	0	0	0	0	0	0	0.249403102199	0	0	0	0	0.396145999082	0	0	0	0	0	0	0	0	0	0	0	0	0	0	0	0	0	0	0	0	0	0	0	0.550915716901	0	0	0	0	0	0	0	0	0	0	0	0	0	0	0	0	0	0	0	0	0	0.230743127362	0	0	0	0	0	0	0	
0	0	0	0	0	0.665365948039	0	0	0	0	0	0	0	0	0	0.612479198802	0	0	0	0	0	0	0	0	0.823214206767	0	0	0	0	0	0	0	0	0	0	0	0	0	0	0.31941830769	0	0	0	0	0	0.8901195934	0	0	0	0	0	0	0	0	0	0	0	0	0	0	0	0	0	0	0	0	0	0	0	0	0	0	0	0	0	0	0	0	0.927377981198	0	0	0	0	0	0	0	0	0	0	0	0	0	0	0	0	0	0.881952821248	0	0	0	0	0	0	0	0	0	0	0	0	0	0	0	0	0	0	0	0	0	0	0	0	0	0	0	0	0	0	0	
0	0	0.718781414565	0	0	0	0.425391583505	0	0	0	0	0	0	0	0	0	0	0	0	0	0	0	0	0	0.982771794434	0	0	0	0	0	0	0	0	0	0	0	0	0	0	0	0	0	0	0	0	0	0	0	0	0	0	0	0	0	0	0	0	0	0	0	0	0	0	0	0	0	0.748076120164	0.460920730469	0	0	0	0	0	0	0	0	0	0	0	0	0	0	0	0	0	0.139016566013	0	0.908624907579	0.57339846609	0	0	0	0	0	0.54122488612	0	0	0	0	0	0	0	0	0	0	0	0	0	0	0	0	0	0	0	0	0	0.464265810474	0	0	0	0	0	0.70809369879	0	0	0	0	0	
0	0	0.537446916851	0	0	0	0	0.985298249941	0	0	0	0	0	0	0	0	0	0	0	0	0	0	0	0	0	0	0	0	0.022100191999	0	0	0	0	0	0	0	0	0	0	0	0	0	0	0	0	0	0	0	0	0	0	0.42926514343	0	0	0	0	0	0	0	0	0	0	0	0	0	0	0	0	0	0	0	0	0	0	0	0	0	0	0	0	0	0	0	0	0	0	0	0	0	0	0	0	0	0	0	0	0	0.932173904504	0	0	0	0	0	0	0	0	0	0	0	0	0	0	0	0	0	0	0	0	0	0	0	0.918303138836	0	0	0	0	0	0	
0	0	0.867449312542	0	0	0	0	0	0.151706368424	0	0.935632692545	0	0	0	0	0	0	0	0	0	0	0.367471320325	0	0	0	0	0	0	0.916151469607	0	0	0	0	0	0	0	0	0	0	0	0	0	0	0	0	0	0	0	0	0	0	0	0	0	0	0	0	0	0	0	0	0	0	0	0	0	0	0	0	0	0	0	0	0	0	0	0	0	0	0	0	0	0	0	0	0	0	0	0	0	0	0	0	0	0	0	0	0	0	0.343856914829	0	0	0	0	0	0	0	0	0	0	0	0	0	0	0	0	0	0	0	0	0	0	0	0.0839272315246	0	0	0	0	
0	0	0	0	0	0	0	0	0	0.550647221879	0	0	0	0	0	0	0	0	0	0	0	0	0	0	0	0	0	0	0	0	0	0	0	0	0	0	0	0	0	0	0	0	0	0.0911304627449	0	0	0	0	0	0	0	0	0	0	0	0	0	0.173973124767	0	0	0.387010376943	0	0	0	0	0	0	0	0	0	0	0	0	0	0	0	0	0	0	0	0	0	0	0	0	0.897747310239	0	0	0	0	0	0.74942715616	0	0	0	0	0	0	0	0	0	0	0	0	0	0	0	0	0	0	0	0	0	0	0	0	0	0	0	0	0	0.260026317967	0	0	0.143753199257	0	0	0	
0	0	0	0	0	0	0	0	0.935632692545	0	0.327295691011	0	0	0	0	0	0	0	0	0	0	0	0	0.917332616982	0	0.923638025708	0	0	0.10265690282	0	0	0	0	0	0	0	0	0	0	0	0	0	0	0	0	0	0	0.0259945403783	0	0	0	0	0	0.0114652835411	0	0.660953394091	0	0	0	0	0	0	0	0	0.57910687023	0	0	0	0	0	0	0	0	0	0	0	0	0	0	0	0	0.198648595539	0	0	0	0	0	0	0	0	0	0	0	0.942552210545	0	0	0	0	0	0	0	0	0	0	0	0	0	0.873033096399	0	0	0	0	0	0.439538615435	0	0	0	0	0	0	0	0	0	0	0	0	0	0	
0	0	0	0	0	0	0	0	0	0	0	0.627131331563	0.792826285788	0	0	0	0	0	0	0	0	0.935679918353	0	0	0	0	0	0	0	0	0	0	0	0	0.993318021918	0	0.512782896485	0	0	0	0	0	0	0	0	0	0	0	0	0	0	0.528876625518	0	0	0	0	0	0	0	0	0	0	0	0	0	0	0	0	0	0	0	0	0	0	0	0.322439931321	0	0.244687709722	0	0	0	0	0.698979196133	0.261708157384	0.948203644316	0	0	0	0	0	0	0	0	0	0	0	0	0	0	0	0	0	0.204388961679	0	0	0	0	0	0	0	0	0	0	0	0	0	0	0	0	0	0	0	0	0	0	0	0	0	
0	0	0	0	0	0	0	0	0	0	0	0.792826285788	0.653502871916	0	0	0	0	0	0	0	0	0	0	0	0	0	0	0	0	0	0	0	0	0	0	0	0	0	0	0	0	0	0	0	0	0	0	0	0	0	0	0	0.547841962187	0	0	0	0	0	0	0	0	0	0.0644252080282	0	0	0	0	0	0	0	0	0	0	0	0	0	0	0	0	0	0.0559833034406	0.136501116465	0	0	0	0	0	0	0	0	0	0	0	0	0	0	0	0	0	0.840679266689	0.479094826677	0	0	0	0	0	0	0	0	0	0	0	0	0	0	0	0	0	0	0	0.418466554017	0	0	0	0	0	0	0	
0	0	0	0	0	0	0	0	0	0	0	0	0	0.141758954961	0	0	0	0	0	0	0	0	0	0	0	0	0	0	0	0	0	0	0	0	0	0	0	0	0	0	0	0	0	0.0960575565334	0	0	0	0	0	0	0	0	0	0	0	0	0	0	0	0	0	0	0	0	0	0	0	0	0	0	0.769919213309	0	0	0	0	0	0	0	0	0	0	0.278235442682	0.797152416977	0	0	0	0	0	0	0	0	0	0.12574019668	0	0	0	0	0	0	0	0	0	0	0	0	0	0	0	0	0	0	0	0	0	0	0	0	0	0	0	0.224836340516	0	0	0	0	0	0.592963669128	0	
0	0	0.261339566357	0	0	0	0	0	0	0	0	0	0	0	0.865035419933	0	0	0	0	0	0	0	0	0	0	0	0	0	0	0	0	0	0	0	0	0	0	0	0	0	0	0	0	0	0	0	0	0	0	0	0	0	0	0	0	0	0	0	0	0	0	0	0	0	0	0	0.635704732683	0	0	0	0	0	0	0	0	0.843195314904	0	0	0	0	0	0	0	0	0	0	0	0.495209845631	0	0	0	0	0	0	0	0	0	0	0	0	0	0	0	0	0	0	0	0	0	0	0	0	0	0	0	0	0	0	0	0	0	0	0	0	0	0	0	0	
0	0	0	0	0	0.612479198802	0	0	0	0	0	0	0	0	0	0.48232938728	0	0	0	0	0	0	0	0	0	0	0	0	0	0	0	0	0	0	0	0	0	0.769807145825	0	0	0	0	0	0	0	0	0	0	0	0.663938701622	0	0	0	0	0	0	0	0	0	0.643269036755	0	0	0	0	0	0	0	0.0717874127279	0	0	0	0	0	0	0	0	0	0	0	0	0	0.330597387857	0	0	0	0	0	0	0	0	0	0	0	0	0	0	0	0	0	0.431773072503	0	0	0	0	0	0	0.400124868136	0	0	0	0	0	0	0	0	0	0	0	0	0	0	0	0	0	0	0	0	0	
0	0	0	0	0	0	0	0	0	0	0	0	0	0	0	0	0.184077494631	0	0	0	0	0.660183571047	0	0	0	0	0	0	0	0	0	0	0	0	0	0	0	0	0	0	0	0	0	0	0	0	0	0	0	0	0	0	0	0	0	0	0	0	0	0	0	0	0	0	0	0	0	0	0	0	0	0	0	0	0	0	0	0	0	0	0	0	0	0	0	0	0	0	0	0	0	0	0	0	0	0	0	0	0	0	0	0	0	0	0	0	0	0	0	0	0	0	0	0	0.767668978549	0.718003873055	0	0	0	0	0	0	0	0	0	0	0	0	
0	0	0	0	0	0	0	0	0	0	0	0	0	0	0	0	0	0.470830727103	0	0	0	0	0	0	0	0	0	0	0.921424574297	0	0	0.626473128071	0	0	0	0	0	0.920320916251	0	0	0	0	0	0	0	0	0	0	0	0	0	0	0	0	0	0	0	0	0	0	0	0	0	0	0	0	0	0	0	0	0.961413111527	0	0	0	0	0	0	0	0	0	0	0	0	0	0	0	0	0	0	0	0	0	0	0	0	0	0	0	0	0	0	0	0	0	0	0	0	0	0	0	0	0	0	0.418743374422	0	0	0	0	0	0	0	0	0	0.874722630875	0	0	0	0	
0	0	0	0	0	0	0	0	0	0	0	0	0	0	0	0	0	0	0.956857764737	0	0	0	0	0	0	0	0	0	0	0	0	0	0	0	0	0	0	0.0769496067675	0	0	0	0	0	0	0	0	0	0	0	0	0	0	0	0	0	0	0	0	0	0	0	0	0	0	0	0	0	0	0	0	0	0	0	0	0	0	0	0	0	0	0	0	0	0	0	0	0	0	0.142868488242	0	0	0	0	0	0	0	0	0	0	0	0	0	0	0	0	0	0	0	0	0	0	0	0	0	0	0	0	0	0	0	0	0	0	0.454232133892	0	0	0	0	
0	0	0	0	0	0	0	0	0	0	0	0	0	0	0	0	0	0	0	0.0722102947075	0	0	0	0	0	0	0	0	0	0	0	0	0	0	0	0	0	0	0.140476200859	0	0	0	0.788012855901	0	0	0	0	0	0	0	0	0	0	0	0	0	0	0	0	0	0	0	0.362436308529	0	0	0	0	0	0	0	0	0	0	0	0	0	0	0	0	0	0	0	0	0	0	0	0	0	0	0	0	0	0	0	0	0	0	0.586193146251	0	0	0	0	0	0	0	0	0	0	0	0	0	0	0	0	0	0	0	0	0	0	0	0	0	0	0	0	0	0	
0	0	0	0	0	0	0	0	0	0	0	0	0	0	0	0	0	0	0	0	0.852030039232	0	0	0	0	0	0	0	0.637608253414	0	0	0	0	0.849846446019	0	0	0	0	0	0	0	0	0	0.0542838714548	0	0	0.0839214481798	0	0	0	0	0	0	0	0	0	0	0	0	0	0	0	0	0	0	0	0	0	0	0	0	0	0	0	0	0	0	0	0	0	0	0	0	0	0	0	0	0	0	0	0	0	0	0	0	0	0	0	0	0	0	0	0	0	0	0	0	0	0	0.300810140268	0	0	0	0	0	0	0	0	0	0	0	0.77863223727	0	0.214820047089	0	0	0	0	
0	0	0	0	0	0	0	0	0.367471320325	0	0	0.935679918353	0	0	0	0	0.660183571047	0	0	0	0	0.480770326478	0	0	0	0	0	0.0979181960126	0	0	0	0	0	0	0	0	0.874940904174	0	0	0	0	0	0	0	0	0	0	0	0	0	0	0	0.123420078172	0	0	0	0	0	0	0	0	0	0	0	0	0	0	0	0	0	0	0	0	0	0	0	0	0	0	0	0	0	0	0	0	0	0	0	0	0	0	0	0	0	0	0	0	0	0	0	0.657361286348	0	0	0	0	0	0	0	0.231374433954	0	0	0	0	0	0	0	0	0	0	0.197779093734	0	0	0	0	0	0	0	0.420109508424	
0	0	0	0	0.733896048629	0	0	0	0	0	0	0	0	0	0	0	0	0	0	0	0	0	0.922127917912	0	0	0	0	0	0	0	0	0	0	0	0	0	0	0	0	0	0	0	0	0	0	0	0	0	0.982818464409	0	0	0	0	0	0	0	0	0	0	0	0	0	0	0	0.456032870256	0	0	0	0	0	0	0	0	0	0	0	0	0	0	0	0	0	0	0	0	0	0	0	0	0	0	0	0	0	0	0	0	0	0	0	0	0	0.395546526933	0	0	0	0.0438701192832	0	0	0	0	0	0	0	0	0	0	0	0	0	0	0	0.135850729795	0	0	0	0	0	
0	0.807739912117	0	0	0	0	0	0	0	0	0.917332616982	0	0	0	0	0	0	0	0	0	0	0	0	0.0114057448644	0	0	0	0	0	0	0	0	0	0.737251402902	0	0	0	0	0	0	0	0	0	0	0	0	0	0	0	0	0	0	0.243183396891	0	0	0	0	0	0	0	0	0	0	0	0	0	0	0	0	0	0	0	0	0	0	0	0	0	0	0	0	0	0	0	0	0	0	0	0	0	0	0	0	0	0	0	0	0	0	0	0	0	0	0	0	0	0	0.309776357456	0	0	0	0	0	0	0	0.433378971606	0	0	0	0	0	0	0	0	0	0	0	0	
0	0	0	0	0.184180697921	0.823214206767	0.982771794434	0	0	0	0	0	0	0	0	0	0	0	0	0	0	0	0	0	0.259378614256	0	0	0	0	0	0	0	0	0	0	0	0	0	0	0	0	0	0	0	0	0	0	0	0	0	0	0	0	0	0	0	0	0	0	0	0	0	0	0	0	0	0	0.674333066428	0.496616480615	0	0	0	0	0	0	0	0	0	0	0	0	0	0	0	0	0	0	0	0	0	0.68791120545	0	0	0	0	0	0	0	0	0	0	0	0	0	0	0	0	0	0	0.280598107294	0	0	0	0	0	0	0	0	0	0	0	0	0	0	0	0	0	0	
0	0	0	0	0	0	0	0	0	0	0.923638025708	0	0	0	0	0	0	0	0	0	0	0	0	0	0	0.500931965816	0	0	0	0	0	0	0	0	0.507866175508	0	0	0	0	0	0	0	0	0	0	0	0	0	0	0	0	0	0	0	0	0	0	0	0	0	0	0	0.897409303059	0	0	0	0	0	0	0.182242336933	0	0	0	0	0	0	0	0	0	0	0	0	0	0	0	0	0	0	0	0	0	0	0	0	0	0	0	0	0	0	0	0	0	0	0	0	0	0	0.873867659286	0	0	0	0	0	0	0	0	0.682445721072	0	0	0	0	0	0	0	0	0	0	
0	0	0.836255945057	0	0	0	0	0	0	0	0	0	0	0	0	0	0	0	0	0	0	0	0	0	0	0	0.739800657035	0	0	0	0	0	0	0	0	0.593464466601	0	0	0	0	0	0	0	0	0	0	0	0	0	0	0	0	0	0	0	0	0	0	0	0	0	0	0	0	0	0	0	0	0	0	0	0	0	0	0	0	0	0	0	0	0	0	0	0	0	0	0	0	0	0	0	0	0	0	0	0	0	0	0	0	0	0	0	0	0	0	0	0	0	0	0	0	0	0	0	0	0	0	0	0	0	0	0	0	0	0	0	0	
0	0	0	0	0	0	0	0	0	0	0	0	0	0	0	0	0	0	0	0	0	0.0979181960126	0	0	0	0	0	0.849024380672	0	0	0	0	0	0	0	0	0	0	0.800390149724	0	0	0	0	0	0	0	0	0	0	0	0	0	0	0	0	0	0	0	0	0	0	0	0	0	0	0	0	0	0	0	0	0	0	0	0	0	0	0	0	0	0	0	0	0	0	0	0	0	0	0	0	0	0	0	0	0	0	0	0	0	0	0	0	0	0	0	0	0	0	0	0	0	0	0	0	0	0	0	0	0	0	0	0	0	0	0	0	0	
0	0.168192954376	0	0	0	0	0	0.022100191999	0.916151469607	0	0.10265690282	0	0	0	0	0	0	0.921424574297	0	0	0.637608253414	0	0	0	0	0	0	0	0.292023607886	0	0	0	0	0	0	0	0	0	0	0	0	0	0	0	0	0	0	0	0	0.0220137718805	0	0	0.689586924135	0	0	0	0	0	0	0	0	0	0	0	0	0	0	0	0	0	0	0	0	0	0	0	0	0	0	0	0	0	0	0	0	0	0	0	0	0	0.621431847071	0	0	0	0	0	0	0	0	0	0	0	0	0	0	0	0	0	0	0	0	0	0	0	0.908800904563	0	0	0	0	0	0	0	0	0	0	0	0	0	
0	0	0	0	0	0	0	0	0	0	0	0	0	0	0	0	0	0	0	0	0	0	0	0	0	0	0	0	0	0.416390322297	0	0	0	0	0	0	0	0	0	0	0	0	0	0	0	0	0	0	0	0	0.687857818381	0	0	0	0	0	0	0	0	0	0	0	0	0	0	0	0	0	0	0	0	0	0	0	0	0	0	0	0	0	0	0	0	0	0	0	0	0	0	0	0	0	0	0	0	0	0	0	0	0	0	0.993516051928	0	0	0	0	0	0	0	0	0	0	0	0	0	0	0	0	0	0	0	0	0	0	0.204642820004	0	0	0	
0	0	0	0.205840528092	0	0	0	0	0	0	0	0	0	0	0	0	0	0	0	0	0	0	0	0	0	0	0	0	0	0	0.940769608583	0	0	0	0	0	0	0	0	0	0	0	0	0	0	0	0	0	0	0	0	0	0	0	0.308290238742	0	0	0	0	0	0	0	0	0	0	0	0	0	0	0	0.492686179162	0	0	0	0	0.0894557125773	0	0	0	0	0	0	0	0	0	0	0	0	0	0	0	0	0	0	0	0	0	0	0	0.391707631691	0	0	0.540745509058	0	0	0	0.367837327547	0	0	0	0	0	0	0	0	0	0	0	0	0	0	0	0	0	0	0	0	0	
0	0	0	0	0	0	0	0	0	0	0	0	0	0	0	0	0	0.626473128071	0	0	0	0	0	0	0	0	0	0	0	0	0	0.858161619223	0	0	0	0	0	0	0	0	0	0	0	0	0	0	0	0	0.139405976216	0	0	0.587227461889	0	0	0	0	0.684028702815	0	0	0	0	0	0	0	0	0	0	0	0	0	0	0	0	0	0	0	0	0	0	0	0	0.646763704816	0	0	0	0	0	0	0	0	0	0	0	0	0	0	0	0	0	0	0	0	0	0	0	0	0	0	0	0	0	0	0	0	0	0	0	0	0	0.361569766908	0	0	0	0	0	0	0	0	
0	0	0	0	0	0	0	0	0	0	0	0	0	0	0	0	0	0	0	0	0	0	0	0	0	0	0	0	0	0	0	0	0.0995085987169	0	0.451421647787	0	0	0	0	0	0	0	0	0	0	0	0	0	0	0	0	0.54228547843	0	0	0	0.710991340782	0.39193290225	0	0	0	0	0	0	0	0	0	0	0	0	0	0	0	0.172877227268	0	0	0	0	0	0	0.0348750147584	0	0.866957610372	0	0	0	0	0	0	0	0	0	0	0	0	0	0	0	0	0	0	0	0	0	0	0	0	0	0.747650036055	0	0	0	0	0	0	0	0	0	0	0	0	0	0	0	0	0	0	0	0	
0	0	0	0	0	0	0	0	0	0	0	0	0	0	0	0	0	0	0	0	0.849846446019	0	0	0.737251402902	0	0	0	0	0	0	0	0	0	0.253876639962	0	0	0	0	0	0.252228230598	0	0	0	0	0	0.556989900735	0	0	0	0	0	0	0	0	0	0	0	0	0	0	0	0	0	0	0	0	0	0	0	0	0	0	0	0	0	0	0	0	0	0	0	0	0	0	0	0	0	0	0	0.341603279223	0	0	0	0	0	0	0	0	0	0	0	0	0	0	0	0	0	0	0	0	0.658505215608	0	0	0	0.410182731265	0	0	0	0	0	0	0	0	0	0	0	0	0.558454083927	
0	0	0	0	0	0	0	0	0	0	0	0.993318021918	0	0	0	0	0	0	0	0	0	0	0	0	0	0.507866175508	0	0	0	0	0	0	0.451421647787	0	0.934906299454	0	0	0	0	0	0	0	0	0	0.396155346427	0	0	0	0	0	0	0	0	0	0	0	0	0	0	0	0	0	0	0	0	0	0	0	0	0	0	0	0	0	0	0	0	0	0.234077294223	0	0	0	0	0	0	0	0	0	0	0	0	0	0	0	0	0	0	0	0	0	0	0	0	0	0	0	0	0	0	0	0.404479319163	0	0	0	0	0	0	0	0	0	0	0.341236125056	0	0	0	0	0	0	
0	0	0	0	0	0	0	0	0	0	0	0	0	0	0	0	0	0	0	0	0	0	0	0	0	0	0.593464466601	0	0	0	0	0	0	0	0	0.763692460017	0	0	0	0	0	0	0	0	0	0	0	0	0	0	0	0	0	0	0	0	0	0	0	0.305590211228	0	0	0	0	0	0	0	0	0	0	0	0	0	0	0	0	0	0	0	0	0	0	0	0	0.624485151274	0	0	0	0	0	0	0	0	0	0	0	0	0	0	0	0.0363152913447	0	0	0	0.811610152803	0.788637728572	0	0	0.18589313929	0	0	0	0	0	0	0	0	0	0	0	0	0	0	0	0	0	0	0.731200788902	
0	0	0	0	0	0	0	0	0	0	0	0.512782896485	0	0	0	0	0	0	0	0	0	0.874940904174	0	0	0	0	0	0	0	0	0	0	0	0	0	0	0.213862697513	0	0	0	0	0	0	0	0	0	0.775151372014	0	0	0	0	0	0	0	0	0	0	0	0	0	0	0	0	0	0	0	0	0	0	0	0	0	0	0	0.737947892702	0	0	0	0	0	0	0	0	0	0	0.977258309486	0	0	0	0	0	0	0	0	0	0	0	0	0	0	0	0	0	0	0	0.582392260117	0	0	0	0	0	0	0	0	0	0	0	0	0	0	0	0	0	0	0	0	0	0	
0	0	0	0	0	0	0	0	0	0	0	0	0	0	0	0.769807145825	0	0.920320916251	0.0769496067675	0	0	0	0	0	0	0	0	0	0	0	0	0	0	0	0	0	0	0.568901521062	0	0	0	0	0	0	0	0	0	0	0	0	0	0	0	0	0	0	0.982185301484	0	0	0	0	0	0	0	0	0	0	0	0	0	0	0	0	0	0	0	0	0	0	0	0	0	0	0	0	0	0	0	0	0	0	0	0	0	0	0	0	0.368838884999	0	0	0	0	0	0	0	0	0	0	0	0	0	0	0	0	0	0	0	0	0	0	0	0.498965341952	0	0	0	0	0	0	
0	0	0	0	0	0	0	0	0	0	0	0	0	0	0	0	0	0	0	0.140476200859	0	0	0	0	0	0	0	0.800390149724	0	0	0	0	0	0	0	0	0	0	0.608672792567	0	0	0	0	0	0.985739853167	0.408854960211	0	0	0	0	0.770676979251	0.477250066258	0	0	0	0	0	0.446861240207	0	0	0	0	0	0	0	0	0	0	0	0.982906656093	0	0	0	0	0	0	0	0	0	0	0	0	0	0	0	0	0	0	0	0	0	0	0	0	0	0	0.356394050068	0	0	0	0	0	0	0	0	0.993657915877	0	0	0	0	0	0	0	0	0	0.487107768675	0.507183628327	0	0.464514922416	0	0	0	0	0	0	0	0	0.794909663001	
0	0	0	0	0	0.31941830769	0	0	0	0	0	0	0	0	0	0	0	0	0	0	0	0	0	0	0	0	0	0	0	0	0	0	0	0.252228230598	0	0	0	0	0	0.659500932886	0	0	0	0.344258866054	0	0	0	0	0	0.716822485517	0	0	0	0	0	0	0	0	0.771214678506	0	0	0	0	0	0	0	0	0	0	0	0.507450767856	0	0	0	0	0	0	0	0	0	0	0	0	0	0	0	0	0	0	0	0	0	0	0	0	0.2481549934	0	0	0	0	0	0	0.186167178779	0	0	0	0	0	0	0	0	0	0	0	0	0	0	0	0	0	0	0	0	0	0	0	0	0	
0	0.41456160862	0	0	0	0	0	0	0	0	0	0	0	0	0	0	0	0	0	0	0	0	0	0	0	0	0	0	0	0	0	0	0	0	0	0	0	0	0	0	0.781035327397	0	0	0	0	0	0	0	0	0	0	0	0	0	0	0	0	0	0	0	0	0	0	0	0	0	0	0	0	0	0	0	0	0	0	0	0	0	0	0	0.231947368875	0	0	0	0	0	0	0	0	0	0	0	0	0	0	0	0	0	0	0	0	0.0382839211862	0	0	0	0	0	0	0	0	0	0	0	0	0	0	0	0	0.164582354905	0	0	0	0	0	0	0	0.944440223305	0	
0	0	0	0	0	0	0	0	0	0	0	0	0	0	0	0	0	0	0	0	0	0	0	0	0	0	0	0	0	0	0	0	0	0	0	0	0	0	0	0	0	0.0520101151822	0	0	0	0	0	0	0	0	0	0	0	0	0	0	0	0	0	0	0	0	0	0.143077553754	0	0	0	0	0	0	0	0	0	0	0	0	0	0.299222138109	0	0.845648669389	0	0	0	0	0	0	0	0	0	0	0	0	0	0	0	0	0	0	0	0	0	0	0	0	0	0	0	0	0	0	0	0	0	0	0	0	0	0	0	0	0	0	0	0	0.22456958166	0.147368328996	0	0	
0	0	0	0	0	0	0	0	0	0	0	0	0	0	0	0	0	0	0	0.788012855901	0	0	0	0	0	0	0	0	0	0	0	0	0	0	0	0	0	0	0	0	0	0	0.0944366575198	0	0	0	0	0	0	0	0	0	0	0	0	0.12359153344	0	0	0	0	0	0	0	0	0	0	0	0	0	0	0	0	0	0	0.977725861708	0.346423848749	0	0	0	0	0	0	0	0	0	0	0	0	0	0	0	0	0	0	0.620074799067	0	0	0	0	0	0	0	0	0	0	0	0	0	0	0	0	0	0	0	0	0	0	0	0	0	0	0	0	0	0	0	0	0	
0	0	0	0	0	0	0	0	0	0.0911304627449	0	0	0	0.0960575565334	0	0	0	0	0	0	0.0542838714548	0	0	0	0	0	0	0	0	0	0	0	0	0	0	0	0	0	0	0.344258866054	0	0	0	0.820205757286	0	0	0.762276660799	0	0.485900238759	0	0	0	0	0	0	0	0.344446822862	0	0	0	0	0	0	0	0	0	0	0	0	0	0	0	0	0	0	0	0	0	0	0	0	0	0	0	0	0	0	0	0	0	0	0	0	0	0	0	0	0	0	0.820773682585	0	0	0	0	0	0	0	0	0	0	0	0	0	0	0	0	0	0	0	0	0	0	0	0	0	0	0	0	
0	0	0	0	0	0	0	0	0	0	0	0	0	0	0	0	0	0	0	0	0	0	0	0	0	0	0	0	0	0	0	0	0	0	0.396155346427	0	0	0	0.985739853167	0	0	0	0	0	0.305852038546	0	0	0	0	0	0	0	0	0	0	0	0	0.400522017863	0	0	0	0	0	0	0	0	0	0	0	0	0	0	0	0	0	0	0	0	0	0	0	0	0	0	0	0	0	0	0	0	0	0	0	0	0	0	0	0	0	0	0	0	0.517516616697	0	0.548087299597	0	0	0	0	0	0	0	0	0	0	0	0	0	0	0	0	0	0	0	0	0.577074482978	0	0	
0	0	0	0	0	0.8901195934	0	0	0	0	0	0	0	0	0	0	0	0	0	0	0	0	0	0	0	0	0	0	0	0	0	0	0	0.556989900735	0	0	0	0	0.408854960211	0	0	0	0	0	0	0.434949081751	0	0	0	0	0	0	0	0	0	0	0	0	0	0	0	0	0	0	0	0	0	0	0	0	0	0	0	0	0	0	0	0	0	0	0	0	0	0	0	0	0	0	0	0	0	0	0	0	0	0	0	0	0	0	0	0	0	0	0.57912459834	0	0	0	0	0	0	0	0	0	0	0	0	0	0	0	0.925025151979	0	0	0	0	0	0	0.608046718476	
0	0	0	0	0	0	0	0	0	0	0	0	0	0	0	0	0	0	0	0	0.0839214481798	0	0	0	0	0	0	0	0	0	0	0	0	0	0	0	0.775151372014	0	0	0	0	0	0	0.762276660799	0	0	0.201430870215	0	0	0	0	0	0	0	0	0	0	0	0	0	0.0957324127747	0	0	0	0	0	0	0	0	0	0	0	0	0	0	0	0	0	0	0	0	0	0	0	0	0	0	0.913219556211	0	0	0	0	0	0	0	0	0	0	0	0	0	0	0	0	0	0	0	0	0	0	0	0	0	0	0	0	0	0	0	0.736752015575	0	0	0	0	0	0	0	0	
0	0	0	0	0.460186677073	0	0	0	0	0	0.0259945403783	0	0	0	0	0	0	0	0	0	0	0	0	0	0	0	0	0	0	0	0	0	0	0	0	0	0	0	0	0	0	0	0	0	0	0	0	0.919541010311	0	0	0	0.102510819316	0	0	0	0	0	0	0	0	0	0	0	0	0	0.175827195053	0	0	0	0	0	0	0	0	0	0	0	0	0	0	0	0	0	0	0	0	0	0	0	0	0	0	0	0	0	0	0	0	0	0	0	0	0	0	0	0	0	0	0	0	0.0876119487092	0	0	0	0	0	0	0	0	0	0	0.143648738319	0	0	0	0	0	0	
0	0	0	0	0	0	0	0	0	0	0	0	0	0	0	0	0	0	0	0	0	0	0.982818464409	0	0	0	0	0	0	0	0	0.139405976216	0	0	0	0	0	0	0	0	0	0	0	0.485900238759	0	0	0	0	0.653473604036	0	0	0	0	0	0	0	0	0	0	0	0	0	0	0	0	0	0	0	0	0	0	0	0	0	0	0	0	0.95986768151	0	0	0	0	0	0	0	0	0	0	0	0	0	0	0	0.239256440294	0.199052438058	0	0	0	0	0	0	0	0	0	0	0	0	0	0	0.197020843996	0	0	0	0	0	0	0	0	0	0	0	0	0	0	0	0	0	0	
0	0	0	0	0	0	0	0	0	0	0	0	0	0	0	0.663938701622	0	0	0	0	0	0	0	0	0	0	0	0	0.0220137718805	0	0	0	0	0	0	0	0	0	0	0.716822485517	0	0	0	0	0	0	0	0	0	0.760001026191	0	0	0	0	0	0	0	0	0	0.850976425645	0	0	0	0	0	0	0	0.33962951694	0	0	0	0	0	0	0	0	0	0	0	0	0	0	0	0	0	0	0	0.503269122593	0	0	0	0	0	0	0	0	0	0	0.362248473116	0	0	0	0	0	0	0	0	0.303003189896	0	0	0	0	0	0	0	0	0	0	0	0	0	0	0	0	0	0	0	0	
0	0	0	0	0.281654897001	0	0	0	0	0	0	0	0	0	0	0	0	0	0	0	0	0	0	0	0	0	0	0	0	0.687857818381	0	0	0	0	0	0	0	0	0.770676979251	0	0	0	0	0	0	0	0	0	0	0	0.965608993797	0	0	0	0	0	0	0	0	0.705485190322	0	0	0	0	0	0	0.634010464065	0	0	0	0	0	0.739941066469	0	0	0	0.619837903023	0	0	0	0	0	0	0	0.857146342033	0	0	0	0.263174467326	0	0	0	0	0	0.187789421712	0	0	0	0.981831844056	0	0.751460672146	0	0	0	0	0	0	0	0	0	0	0	0	0	0	0	0	0	0	0	0	0	0	0	0	0	0	0	
0	0.870018532456	0	0	0	0	0	0.42926514343	0	0	0	0.528876625518	0	0	0	0	0	0	0	0	0	0	0	0	0	0	0	0	0	0	0	0.587227461889	0.54228547843	0	0	0	0	0	0.477250066258	0	0	0	0	0	0	0	0	0.102510819316	0	0	0	0.621966983634	0	0	0	0	0	0.226960843764	0	0	0	0	0	0	0	0	0	0	0	0	0	0	0	0.266743594648	0	0	0	0	0	0	0	0	0	0	0	0	0	0	0	0	0	0	0	0	0	0	0.855955895824	0	0	0	0	0	0	0	0	0	0	0	0.997867098189	0	0	0	0	0	0	0	0	0	0	0	0	0	0	0	0	0	0	0	
0	0	0	0	0	0	0	0	0	0	0	0	0.547841962187	0	0	0	0	0	0	0	0	0.123420078172	0	0.243183396891	0	0	0	0	0.689586924135	0	0	0	0	0	0	0	0	0	0	0	0	0	0	0	0	0	0	0	0	0	0	0	0.311854588441	0	0	0	0	0	0	0	0	0	0.810930197483	0	0	0	0	0	0	0	0	0	0	0	0	0.414765889957	0	0	0	0	0	0	0	0	0	0.100446803843	0	0	0	0	0	0	0	0.532371995679	0	0	0	0	0	0	0	0	0	0	0	0	0	0	0	0	0.00919688245358	0	0	0	0	0	0	0	0.815563295259	0	0	0	0	0	0	0.256993926762	0	0	
0	0	0	0	0	0	0	0	0	0	0.0114652835411	0	0	0	0	0	0	0	0	0	0	0	0	0	0	0	0	0	0	0	0	0	0	0	0	0	0	0	0	0	0	0	0	0	0	0	0	0	0	0	0	0	0	0.915908392363	0	0	0	0	0	0	0	0	0	0	0	0	0	0	0	0	0	0	0	0	0	0	0	0	0	0	0	0	0	0	0.0337546513988	0	0	0	0	0	0	0.14260878466	0	0	0	0	0	0	0	0	0	0	0	0	0	0	0	0	0	0	0	0.742122490266	0	0	0	0	0	0	0	0	0	0	0	0	0	0	0	0	
0	0	0	0	0	0	0	0	0	0	0	0	0	0	0	0	0	0	0	0	0	0	0	0	0	0	0	0	0	0	0.308290238742	0	0	0	0	0	0	0	0	0	0	0	0	0	0	0	0	0	0	0	0	0	0	0	0.98681146207	0	0	0	0	0	0	0	0	0	0	0	0	0	0	0.412082046418	0.541517224952	0	0	0	0	0	0	0	0	0	0	0	0	0	0	0	0	0	0	0	0	0	0	0	0	0	0	0	0	0	0.275528651967	0	0	0	0	0	0	0	0	0	0	0	0	0	0	0	0	0	0	0	0	0	0	0	0	0	0	0	
0	0.417651680962	0	0	0	0	0	0	0	0	0.660953394091	0	0	0	0	0	0	0	0	0	0	0	0	0	0	0	0	0	0	0	0	0	0.710991340782	0	0	0	0	0	0	0	0	0	0.12359153344	0	0	0	0	0	0	0	0	0	0	0	0	0.767602269467	0	0	0	0	0	0	0	0	0	0	0	0	0	0	0	0	0	0	0	0	0	0	0	0	0	0	0	0	0	0	0	0	0	0	0	0	0	0	0	0	0	0	0	0	0	0	0	0	0	0	0	0	0	0	0	0	0	0	0	0	0	0	0	0	0	0	0	0	0	0	0	0	
0	0	0	0	0	0	0	0	0	0	0	0	0	0	0	0	0	0	0	0	0	0	0	0	0	0	0	0	0	0	0	0.684028702815	0.39193290225	0	0	0	0	0.982185301484	0	0	0	0	0	0.344446822862	0	0	0	0	0	0	0	0	0	0	0	0	0.141764958439	0	0	0	0	0	0	0	0.279567486539	0	0	0	0	0.149437201437	0	0	0	0	0	0	0	0	0	0	0	0	0	0	0	0	0	0	0	0	0	0	0	0	0	0.855306041769	0	0	0	0	0	0	0	0	0	0	0	0	0	0	0	0	0	0	0	0	0	0	0	0	0	0	0	0	0.36002351136	0	0	0	
0	0	0	0	0	0	0	0	0	0.173973124767	0	0	0	0	0	0	0	0	0	0	0	0	0	0	0	0	0	0	0	0	0	0	0	0	0	0	0	0	0.446861240207	0	0	0	0	0	0.400522017863	0	0	0	0	0	0	0.226960843764	0	0	0	0	0	0.635976797955	0	0	0	0.651517027098	0	0	0	0	0	0	0	0	0	0	0	0	0	0	0	0	0	0	0	0	0	0	0	0	0	0	0	0	0	0	0	0	0	0	0	0	0	0	0	0	0	0	0	0	0	0	0	0	0	0	0	0	0	0	0	0	0	0	0	0	0	0	0	0	0	0	
0	0	0	0	0	0	0	0	0	0	0	0	0	0	0	0	0	0	0	0	0	0	0	0	0	0	0	0	0	0	0	0	0	0	0	0	0	0	0	0.771214678506	0	0	0	0	0	0	0	0	0	0	0	0	0	0	0	0	0	0	0.575020772219	0	0	0	0	0	0	0.891169479991	0	0	0	0	0	0	0	0	0	0	0	0	0	0	0	0	0	0	0	0	0	0	0	0	0	0	0	0	0	0	0	0	0	0	0	0	0	0	0	0	0	0	0	0	0	0	0	0	0	0	0	0	0	0	0	0	0	0	0	0	0	0	
0	0	0	0	0	0	0	0	0	0	0	0	0	0	0	0.643269036755	0	0	0	0	0	0	0	0	0	0	0	0	0	0	0	0	0	0	0	0.305590211228	0	0	0	0	0	0	0	0	0	0	0	0	0	0.850976425645	0.705485190322	0	0	0	0	0	0	0	0	0.410801628705	0	0	0	0	0	0	0	0	0	0	0	0	0	0	0	0	0	0	0	0	0	0.316590746072	0	0	0	0	0	0	0	0	0	0	0	0	0	0	0	0.782903420754	0	0	0	0	0	0	0	0.885458899868	0	0	0	0	0	0	0.95792863594	0	0	0	0	0	0	0	0	0	0	0	0	0	0	0	
0	0	0	0.461331696043	0	0	0	0	0	0.387010376943	0	0	0	0	0	0	0	0	0	0	0	0	0	0	0	0	0	0	0	0	0	0	0	0	0	0	0	0	0	0	0	0	0	0	0	0	0.0957324127747	0	0	0	0	0	0	0	0	0	0	0	0	0	0.259377125395	0.369874255579	0	0	0	0	0	0	0	0	0	0	0	0	0	0	0	0	0	0	0	0	0	0	0	0	0	0	0	0.956849336815	0	0	0	0	0	0	0	0.678845525978	0	0	0	0	0	0	0	0	0	0	0	0	0	0	0	0	0	0	0.217528581521	0	0	0	0	0	0	0	0	0.397305878704	0	0	
0	0	0	0	0	0	0	0	0	0	0	0	0	0	0	0	0	0	0	0	0	0	0	0	0	0	0	0	0	0	0	0	0	0	0	0	0	0	0	0	0	0	0	0	0	0	0	0	0	0	0	0	0	0	0	0	0	0.651517027098	0	0	0.369874255579	0.0454432389085	0.731238269685	0	0	0	0	0	0	0	0	0	0	0	0	0	0	0	0	0	0	0	0	0	0	0	0	0	0	0	0	0	0	0	0	0	0	0	0	0	0	0	0	0	0	0	0	0	0	0	0	0.177449315745	0	0	0	0	0	0	0	0	0	0	0	0	0	0	0	0	
0	0	0	0	0	0	0	0	0	0	0	0	0.0644252080282	0	0	0	0	0	0	0.362436308529	0	0	0	0	0	0.897409303059	0	0	0	0	0	0	0	0	0	0	0	0	0	0	0	0	0	0	0	0	0	0	0	0	0	0	0.810930197483	0	0	0	0	0	0	0	0	0.731238269685	0.751125120363	0	0	0	0	0	0	0.396089295013	0	0	0	0	0	0	0	0	0	0	0	0.340956441771	0	0	0	0	0	0	0	0	0	0.592992247084	0	0	0	0	0	0	0	0	0	0	0	0.318129783993	0	0.666031773129	0	0	0	0	0	0	0	0	0	0	0	0	0	0	0	0	0.401569534319	0	0	0	0	0	
0	0	0	0	0	0	0	0	0	0	0	0	0	0	0	0	0	0	0	0	0	0	0	0	0	0	0	0	0	0	0	0	0	0	0	0	0	0	0	0	0	0.143077553754	0	0	0	0	0	0	0	0	0	0	0	0	0	0	0	0	0	0	0	0	0	0.0836026822687	0	0	0	0	0	0	0	0	0	0	0	0	0	0	0	0	0	0	0	0	0	0	0	0.100638591999	0	0	0.924884406637	0	0	0	0	0	0	0	0	0	0	0	0	0	0	0	0	0	0	0	0	0.999140168909	0	0	0	0	0	0	0	0.202677585094	0	0	0	0	0	0.885225051228	0	0	
0	0	0	0	0	0	0	0	0	0	0.57910687023	0	0	0	0	0	0	0	0	0	0	0	0.456032870256	0	0	0	0	0	0	0	0	0	0	0	0	0	0	0	0	0	0	0	0	0	0	0	0	0	0	0	0	0	0	0	0	0	0.279567486539	0	0	0	0	0	0	0	0.958298803209	0	0	0	0	0	0	0	0	0	0	0	0	0	0	0	0	0	0	0	0	0	0	0	0	0	0	0	0	0	0	0	0	0	0	0	0	0	0	0	0	0	0.671285314543	0	0	0	0	0	0	0	0	0	0	0	0	0	0	0	0	0	0	0	0	0	
0	0	0	0	0	0	0	0	0	0	0	0	0	0	0	0	0	0	0	0	0	0	0	0	0	0	0	0	0	0	0	0	0	0	0	0	0	0	0	0	0	0	0	0	0	0	0	0.175827195053	0	0	0	0	0	0	0	0	0	0	0.891169479991	0	0	0	0	0	0	0.318180247116	0	0	0	0	0	0	0	0	0	0	0	0	0	0	0	0	0	0	0	0	0	0	0	0	0	0	0	0	0	0	0	0	0	0.138469418524	0	0	0	0	0	0	0	0	0	0	0	0	0	0	0	0	0	0	0	0	0	0	0	0	0	0	0	0	
0	0	0	0	0	0	0.748076120164	0	0	0	0	0	0	0	0.635704732683	0	0	0	0	0	0	0	0	0	0	0	0	0	0	0	0	0	0	0	0	0	0	0	0	0	0	0	0	0	0	0	0	0	0	0	0.634010464065	0	0	0	0	0	0	0	0	0	0	0	0	0	0	0	0.343688563258	0	0	0	0	0	0	0	0	0	0	0	0	0	0	0	0	0	0	0	0	0	0	0	0	0	0.867631166587	0	0	0.266905977545	0	0	0	0	0	0	0	0	0	0	0	0	0	0	0	0	0	0	0	0	0	0	0	0	0	0	0	0	0	0	0	0	
0	0	0	0.512836710847	0	0	0.460920730469	0	0	0	0	0	0	0	0	0.0717874127279	0	0	0	0	0	0	0	0	0.674333066428	0	0	0	0	0	0	0	0	0	0	0	0	0	0	0	0	0	0	0	0	0	0	0	0	0.33962951694	0	0	0	0	0	0	0	0	0	0	0	0	0	0	0	0	0	0.910357908512	0.166643826117	0	0	0	0	0	0	0	0	0	0	0	0	0	0	0	0	0	0	0	0	0	0	0	0	0	0	0	0	0	0	0	0	0	0	0	0	0	0	0.591382573507	0	0	0	0	0	0	0	0	0	0	0	0.095581707317	0	0	0	0	0	0	0	0	
0	0	0	0	0	0	0	0	0	0	0	0	0	0	0	0	0	0	0	0	0	0	0	0	0.496616480615	0	0	0	0	0	0	0	0	0	0	0	0	0	0	0	0	0	0	0	0	0	0	0	0	0	0	0	0	0	0	0	0	0	0	0	0	0	0	0	0	0	0	0.166643826117	0.970102213756	0	0	0	0	0	0	0	0	0	0	0	0	0	0	0	0	0	0	0	0	0	0	0	0	0	0	0	0	0	0	0	0	0	0	0	0	0	0	0	0	0	0	0	0	0	0	0	0	0	0.730093237099	0	0	0	0	0	0	0	0	0	
0	0	0	0	0.249403102199	0	0	0	0	0	0	0	0	0	0	0	0	0	0	0	0	0	0	0	0	0.182242336933	0	0	0	0	0	0	0	0	0	0	0	0	0.982906656093	0	0	0	0	0	0	0	0	0	0	0	0	0	0	0	0.412082046418	0	0.149437201437	0	0	0	0	0	0.396089295013	0	0	0	0	0	0	0.687116277911	0	0	0	0.984489992012	0	0	0	0	0	0	0	0	0	0	0	0	0	0	0	0	0	0	0	0	0	0	0	0	0	0	0	0	0	0	0	0	0	0	0	0	0	0	0	0	0	0	0	0	0	0	0	0	0	0	0	0	0	0	
0	0	0	0	0	0	0	0	0	0	0	0	0	0.769919213309	0	0	0	0.961413111527	0	0	0	0	0	0	0	0	0	0	0	0	0.492686179162	0	0	0	0	0	0	0	0	0.507450767856	0	0	0	0	0	0	0	0	0	0	0	0	0	0	0.541517224952	0	0	0	0	0	0	0	0	0	0	0	0	0	0	0	0.262401287517	0.636279733593	0	0	0	0	0	0	0	0	0	0	0	0	0	0	0	0	0	0	0	0	0	0	0	0	0	0	0	0	0	0	0	0	0	0	0	0	0	0	0.727442060247	0	0	0	0	0	0	0	0	0	0	0	0	0	0	0	0	0	
0	0	0	0	0	0	0	0	0	0	0	0	0	0	0	0	0	0	0	0	0	0	0	0	0	0	0	0	0	0	0	0	0	0	0	0	0	0	0	0	0	0	0	0	0	0	0	0	0	0	0	0	0	0	0	0	0	0	0	0	0	0	0	0	0	0	0	0	0	0	0.636279733593	0.307830237176	0	0	0	0	0	0	0	0	0	0	0	0	0	0	0	0	0	0	0	0	0	0	0	0	0	0	0	0	0	0	0	0	0	0	0	0	0	0.428102021997	0	0	0	0	0	0	0	0	0	0	0	0	0	0.959492811234	0	0	0	0	
0	0.91738664525	0	0	0	0	0	0	0	0	0	0	0	0	0	0	0	0	0	0	0	0	0	0	0	0	0	0	0	0	0	0	0.172877227268	0	0	0	0	0	0	0	0	0	0	0	0	0	0	0	0	0	0.739941066469	0	0	0	0	0	0	0	0	0	0	0	0	0	0	0	0	0	0	0	0	0	0.144662386417	0	0	0	0	0	0	0	0	0	0	0	0	0	0	0	0	0	0	0	0	0	0	0	0	0	0	0	0	0	0	0	0	0	0	0	0.684004079567	0	0	0	0	0	0	0	0	0	0	0	0	0	0	0	0	0	0	0	
0	0	0	0	0	0	0	0	0	0	0	0	0	0	0	0	0	0	0	0	0	0	0	0	0	0	0	0	0	0	0	0	0	0	0	0	0	0	0	0	0	0	0	0	0	0	0	0	0	0	0	0.266743594648	0	0	0	0	0	0	0	0	0	0	0	0	0	0	0	0	0	0.984489992012	0	0	0	0.183214930078	0	0	0	0	0	0	0	0	0	0	0	0	0	0	0	0	0	0	0	0	0	0	0	0	0	0	0	0	0	0	0	0.266747690988	0	0	0	0	0	0	0	0	0.859669181391	0	0	0	0	0	0	0	0	0	0	0	0	0	
0.981631975527	0	0	0	0.396145999082	0	0	0	0	0	0	0	0	0	0	0	0	0	0	0	0	0	0	0	0	0	0	0	0	0	0	0	0	0	0	0	0.737947892702	0	0	0	0	0	0.977725861708	0	0	0	0	0	0	0	0	0	0	0	0	0	0	0	0	0	0	0	0	0	0	0	0	0	0	0	0	0	0	0	0.934250934512	0	0	0	0	0	0	0	0	0	0	0	0	0	0	0	0	0	0	0	0	0	0	0	0	0	0	0	0	0	0	0	0	0	0	0	0	0	0	0	0	0	0	0	0.169231223512	0	0	0	0	0	0	0	0	0	
0	0.986104368984	0	0.735614676545	0	0	0	0	0	0	0	0.322439931321	0	0	0.843195314904	0	0	0	0	0	0	0	0	0	0	0	0	0	0	0	0.0894557125773	0	0	0	0	0	0	0	0	0	0	0	0.346423848749	0	0	0	0	0	0	0	0	0	0.414765889957	0	0	0	0	0	0	0	0	0	0	0	0	0	0	0	0	0	0	0	0	0	0	0.812101980296	0	0	0	0	0	0	0	0	0	0	0	0	0	0	0	0	0	0	0	0	0	0	0	0	0	0	0	0	0	0	0	0	0	0	0	0	0	0	0	0	0	0	0	0	0	0.179910083245	0	0	0	0	0	0	
0.92699056165	0	0	0	0	0	0	0	0	0	0	0	0	0	0	0	0	0	0	0	0	0	0	0	0	0	0	0	0	0	0	0	0	0	0	0	0	0	0	0	0	0	0	0	0	0	0	0	0	0	0.619837903023	0	0	0	0	0	0	0	0	0	0	0	0	0	0	0	0	0	0	0	0	0	0	0	0	0	0.884564685044	0.644370697909	0	0	0	0	0	0	0	0.108893103835	0	0	0.169723738045	0	0	0	0	0	0	0	0	0	0	0	0	0	0	0	0	0	0	0	0	0	0	0	0	0	0	0	0	0	0	0	0	0	0	0	0	0	0	0	
0	0	0	0	0	0	0	0	0	0	0	0.244687709722	0	0	0	0	0	0	0	0	0	0	0	0	0	0	0	0	0	0	0	0	0	0	0	0	0	0	0	0	0	0.299222138109	0	0	0	0	0	0	0.95986768151	0	0	0	0	0	0	0	0	0	0	0	0	0	0	0	0	0	0	0	0	0	0	0	0	0	0	0	0.644370697909	0.365030203561	0	0	0	0	0	0	0	0	0	0.938267960464	0	0	0	0	0	0	0	0	0	0	0	0	0	0.440769162882	0.589451606394	0	0	0	0	0	0	0	0.484439000768	0	0	0	0	0	0	0	0	0	0	0	0	0	0	0	0	0	
0	0	0	0	0	0.927377981198	0	0	0	0	0	0	0	0	0	0	0	0	0	0	0	0	0	0	0	0	0	0	0	0	0	0	0	0	0.234077294223	0	0	0	0	0	0	0	0	0	0	0	0	0	0	0	0	0	0	0	0	0	0	0	0	0	0	0	0	0	0	0	0	0	0	0	0	0	0	0	0	0	0	0	0.883957614057	0	0.433172529932	0	0	0	0	0.234851502896	0	0	0	0	0	0	0	0	0	0	0	0	0	0	0	0	0	0	0	0	0	0	0	0	0	0	0	0	0	0	0	0	0	0	0	0	0	0	0	0	0	0	
0	0	0	0	0	0	0	0	0	0	0	0	0	0	0	0	0	0	0	0	0	0	0	0	0	0	0	0	0	0	0	0	0.0348750147584	0	0	0	0	0	0	0	0	0.845648669389	0	0	0	0	0	0	0	0	0	0	0	0	0	0	0	0	0	0	0	0	0	0	0	0	0	0	0	0	0	0	0	0	0	0	0	0	0	0.428098861098	0	0	0	0	0	0	0	0	0.288512579111	0	0	0	0	0	0	0.148429533595	0	0	0	0	0	0	0.0011892583399	0	0	0.274312129073	0	0	0	0	0	0.694091661941	0	0	0	0	0	0	0	0	0	0	0	0	0	0	0	0	
0	0	0	0	0	0	0	0	0	0	0	0	0.0559833034406	0	0	0	0	0	0	0	0	0	0	0	0	0	0	0	0	0	0	0	0	0	0	0	0	0	0	0	0.231947368875	0	0	0	0	0	0	0	0	0	0	0	0	0	0	0	0	0	0	0	0	0	0	0	0	0	0	0	0	0	0	0	0	0	0	0	0	0	0.433172529932	0	0.186252695567	0	0	0	0	0.572832049401	0	0.585993605928	0	0	0	0	0	0	0	0	0	0	0	0	0	0.680945248932	0	0	0	0	0	0	0	0	0	0	0	0	0	0	0	0	0.17517496263	0	0	0	0	0	0	0	0	0	
0	0	0	0	0	0	0	0	0	0	0.198648595539	0	0.136501116465	0.278235442682	0	0.330597387857	0	0	0	0	0	0	0	0	0	0	0	0	0	0	0	0.646763704816	0.866957610372	0	0	0	0	0	0	0	0	0	0	0	0	0	0	0	0	0	0	0	0	0	0	0	0	0	0	0.316590746072	0	0	0.340956441771	0	0	0	0	0	0	0	0	0	0	0	0	0	0	0	0	0	0	0.37295391457	0	0	0	0	0	0	0	0	0	0	0	0.777375032187	0	0	0	0	0	0	0	0	0	0	0	0	0	0	0	0	0	0	0	0	0	0	0	0	0	0	0	0	0	0	0	0	0	0	
0	0	0	0	0	0	0	0	0	0	0	0.698979196133	0	0.797152416977	0	0	0	0	0	0	0	0	0	0	0	0	0	0	0	0	0	0	0	0	0	0	0	0	0	0	0	0	0	0	0	0	0	0	0	0	0	0	0	0	0	0	0	0	0	0	0	0	0	0	0	0	0	0	0	0	0	0	0	0	0	0	0	0	0	0	0	0	0.805475263813	0	0	0	0	0	0	0	0	0	0	0.777992682535	0	0	0	0	0	0	0	0	0	0	0	0	0	0	0	0	0	0	0	0	0	0	0	0	0	0	0	0	0	0	0	0	0	0	
0	0	0	0	0	0	0	0	0	0	0	0.261708157384	0	0	0	0	0	0	0	0	0	0	0	0	0	0	0	0	0	0	0	0	0	0	0	0	0	0	0	0	0	0	0	0	0	0	0	0	0	0	0	0	0	0	0	0	0	0	0	0	0	0	0	0	0	0	0	0	0	0	0	0	0	0	0	0	0	0	0	0	0	0	0	0.372402050716	0	0.16247573053	0	0	0	0	0	0	0	0	0	0	0	0	0	0	0	0	0	0	0.248020553242	0	0	0	0	0	0	0	0	0	0	0	0	0	0	0	0.774670221162	0	0	0	0	0	0	0	
0	0	0	0	0	0	0	0	0	0	0	0.948203644316	0	0	0	0	0	0	0	0	0	0	0	0	0	0	0	0	0	0	0	0	0	0	0	0.624485151274	0	0	0	0	0	0	0	0	0	0	0	0	0	0	0.857146342033	0	0	0.0337546513988	0	0	0	0	0	0	0	0	0	0	0	0	0	0	0	0	0	0	0	0	0	0	0	0	0	0	0	0	0	0	0.543897767873	0	0	0.0606671703256	0	0.0304479922307	0	0	0	0	0	0	0	0	0	0	0	0	0	0	0	0	0	0	0	0	0	0	0	0	0	0	0	0	0	0	0	0	0	0	0	0	0	0	
0	0	0	0	0	0	0.139016566013	0	0	0.897747310239	0	0	0	0	0	0	0	0	0	0	0	0	0	0	0	0	0	0	0	0	0	0	0	0	0	0	0.977258309486	0	0	0	0	0	0	0	0	0	0	0	0	0	0	0	0.100446803843	0	0	0	0	0	0	0	0	0	0	0	0	0	0	0	0	0	0	0	0	0	0	0	0.108893103835	0	0.234851502896	0	0.572832049401	0	0	0.16247573053	0	0.861524800552	0	0	0	0	0	0	0	0	0	0	0	0	0	0.133125651579	0	0	0	0	0.754994802772	0	0	0	0	0	0	0	0	0	0	0	0	0	0	0.210833750604	0	0	0	0	0	0	0.2695446583	0	
0	0	0	0	0	0	0	0	0	0	0	0	0	0	0	0	0	0	0	0	0	0	0	0	0	0	0	0	0	0	0	0	0	0	0	0	0	0	0	0	0	0	0	0	0	0	0	0	0	0	0	0	0	0	0	0	0	0	0	0	0	0	0	0	0	0	0	0	0	0	0	0	0	0	0	0	0	0	0	0	0	0	0	0	0	0	0.256569034162	0	0	0	0	0	0	0.679810370315	0	0	0	0	0	0	0	0	0.895246484283	0	0	0	0	0	0	0	0	0	0	0	0	0	0	0	0	0	0	0	0	0	0	0	0	0	
0	0	0	0	0	0	0.908624907579	0	0	0	0	0	0	0	0.495209845631	0	0	0	0	0	0	0	0	0	0	0	0	0	0	0	0	0	0	0	0	0	0	0	0	0	0	0	0	0	0	0	0.913219556211	0	0	0.503269122593	0	0	0	0	0	0	0	0	0	0	0	0	0	0.100638591999	0	0	0	0	0	0	0	0	0	0	0	0	0	0.938267960464	0	0	0.585993605928	0	0	0	0.0606671703256	0	0	0.804928948737	0	0	0	0	0	0	0	0	0	0	0	0	0	0	0	0	0	0	0	0	0	0	0	0	0.111791035497	0	0	0	0	0	0	0	0	0	0.874200259619	0	0	0	0	0	
0	0	0	0	0	0	0.57339846609	0	0	0	0	0	0	0	0	0	0	0	0.142868488242	0	0	0	0	0	0	0	0	0	0	0	0	0	0	0	0	0	0	0	0	0	0	0	0	0	0	0	0	0	0	0	0.263174467326	0	0	0	0	0	0	0	0	0	0	0	0	0	0	0	0	0	0	0	0	0	0	0	0	0	0.169723738045	0	0	0.288512579111	0	0	0	0	0	0	0	0	0.651071249036	0	0	0	0	0	0	0	0	0	0	0	0	0	0	0	0	0	0	0	0	0	0	0	0	0	0	0	0	0	0	0	0	0	0	0	0	0	0	0	
0	0	0	0	0	0	0	0	0	0	0	0	0	0	0	0	0	0	0	0	0	0	0	0	0	0	0	0	0	0	0	0	0	0.341603279223	0	0	0	0	0	0	0	0	0	0	0	0	0	0	0	0	0	0	0	0	0	0	0	0	0	0	0.956849336815	0	0	0	0	0	0	0	0	0	0	0	0	0	0	0	0	0	0	0	0	0	0	0	0.0304479922307	0	0	0	0	0.756607855637	0	0	0	0	0	0	0.267276735287	0	0	0	0	0	0	0	0	0	0	0	0	0	0	0	0	0	0	0	0	0	0	0	0	0	0	0	0	0	0	0	
0	0.0338299081404	0	0	0	0	0	0	0	0	0	0	0	0	0	0	0	0	0	0	0	0	0	0	0.68791120545	0	0	0	0.621431847071	0	0	0	0	0	0	0	0	0	0	0	0	0	0	0	0	0	0	0	0	0	0	0	0	0	0	0	0	0	0	0	0	0	0	0.924884406637	0	0	0	0	0	0	0	0	0	0	0	0	0	0	0	0	0	0	0	0	0	0	0	0	0	0	0.0251133864358	0	0	0	0	0	0	0	0	0	0	0.873194883781	0	0	0	0	0	0.284544132935	0	0	0	0	0	0.857301414516	0	0.494560228524	0	0	0	0	0	0.8458899318	0	0	0	0	0	0	
0	0	0	0	0	0	0	0	0	0.74942715616	0	0	0	0	0	0	0	0	0	0	0	0	0	0	0	0	0	0	0	0	0	0	0	0	0	0	0	0	0	0	0	0	0	0	0	0	0	0	0	0	0	0	0	0.14260878466	0	0	0	0	0	0	0	0	0.592992247084	0	0	0	0	0	0	0	0	0	0	0	0	0	0	0	0	0	0	0	0	0	0	0	0	0	0	0	0	0.435609294475	0	0	0	0	0	0	0	0	0	0	0	0	0	0	0	0	0	0	0	0	0	0	0	0	0	0	0	0	0	0	0	0	0	0	0	0	
0	0	0	0	0	0	0	0	0	0	0	0	0	0.12574019668	0	0	0	0	0	0	0	0	0	0	0	0	0	0	0	0	0	0	0	0	0	0	0	0	0	0	0	0	0	0	0	0	0	0	0	0	0	0	0	0	0	0	0	0	0	0	0	0	0	0	0	0	0.867631166587	0	0	0	0	0	0	0	0	0	0	0	0	0	0	0	0	0	0	0	0	0	0	0	0	0	0.343500224169	0	0	0	0	0	0	0	0	0	0	0	0	0	0	0	0	0	0.0314579653188	0	0	0	0	0	0	0.504219978774	0	0	0	0	0	0	0	0	0	0	
0	0	0.349509668979	0	0	0	0	0	0	0	0.942552210545	0	0	0	0	0	0	0	0	0	0	0	0	0	0	0	0	0	0	0	0	0	0	0	0	0	0	0	0	0	0	0	0	0	0	0	0	0	0.239256440294	0	0	0	0.532371995679	0	0	0	0	0	0	0	0	0	0	0	0	0	0	0	0	0	0	0	0	0	0	0	0	0	0	0	0	0.777375032187	0.777992682535	0	0	0	0.679810370315	0	0	0	0	0	0	0.0549400619334	0	0	0	0	0.451301906858	0	0	0	0	0	0	0	0	0	0	0	0	0	0	0	0	0	0	0	0	0	0	0.762114759276	0	0	0	0	0	0	
0	0.768801722282	0	0	0	0	0.54122488612	0	0	0	0	0	0	0	0	0	0	0	0	0	0	0	0	0	0	0	0	0	0	0	0	0	0	0	0	0	0	0	0	0	0	0	0.620074799067	0	0	0	0	0	0.199052438058	0	0.187789421712	0	0	0	0	0	0	0	0	0	0	0	0	0	0	0	0	0	0	0	0	0	0	0	0	0	0	0	0	0	0	0	0	0	0	0	0	0	0	0	0	0	0	0	0.654749635333	0	0	0	0	0	0	0	0.995408828421	0	0	0	0	0	0	0	0	0	0	0	0	0	0	0.645926597693	0	0	0	0	0	0	0	0	0	0	
0	0	0	0	0	0	0	0	0	0	0	0	0	0	0	0	0	0	0	0	0	0	0	0	0	0	0	0	0	0	0	0	0	0	0	0	0	0	0	0.2481549934	0	0	0	0	0	0	0	0	0	0	0	0	0	0	0	0	0.855306041769	0	0	0	0	0	0	0	0	0	0.266905977545	0	0	0	0	0	0	0	0	0	0	0	0	0.148429533595	0	0	0	0	0	0	0	0	0	0	0	0	0	0	0	0.700822336122	0	0	0	0.98069426095	0	0	0	0	0	0	0	0	0	0	0	0	0	0	0	0	0	0	0.574356888239	0	0	0	0	0	0	0	0	0	
0	0	0.978855718402	0	0	0.881952821248	0	0	0	0	0	0	0	0	0	0	0	0	0	0	0	0	0	0	0	0	0	0	0	0	0	0	0	0	0	0	0	0	0.356394050068	0	0	0	0	0	0	0	0	0	0	0	0	0.855955895824	0	0	0	0	0	0	0	0	0	0	0	0	0	0	0	0	0	0	0	0	0	0	0	0	0	0	0	0	0	0	0	0	0	0	0	0	0	0.267276735287	0	0	0	0	0	0	0.400598170442	0	0.836756914137	0	0	0	0	0	0	0	0.105215715124	0	0	0	0	0	0	0	0	0	0	0	0	0	0	0	0	0	0	0	0	0	
0	0	0	0	0	0	0	0.932173904504	0	0	0	0	0	0	0	0	0	0	0	0.586193146251	0	0	0	0	0	0	0	0	0	0	0	0	0	0	0	0	0	0.368838884999	0	0	0	0	0	0	0	0	0	0	0	0	0	0	0	0	0	0	0	0	0	0.782903420754	0.678845525978	0	0	0	0	0	0	0	0	0	0	0	0	0	0	0	0	0	0	0	0	0	0	0	0	0	0	0	0	0	0	0	0	0	0	0	0	0.960769094553	0	0.716341366076	0	0	0	0	0	0	0	0.954054302761	0	0.419508810975	0	0	0	0	0	0.178634154037	0	0	0	0	0	0	0	0	0	0	0	0	
0	0	0	0	0.550915716901	0	0	0	0	0	0	0	0	0	0	0	0	0	0	0	0	0	0	0	0	0	0	0	0	0	0	0	0	0	0	0	0	0	0	0	0	0	0	0	0	0	0	0	0	0.362248473116	0.981831844056	0	0	0	0	0	0	0	0	0	0	0	0	0	0	0	0	0	0	0	0	0	0	0	0	0	0	0	0	0	0	0	0	0	0	0	0	0	0	0	0	0	0	0.451301906858	0	0	0.836756914137	0	0.880656921087	0	0	0.924117720067	0	0	0	0	0	0	0	0	0	0	0	0	0	0	0	0	0	0	0	0	0	0	0	0	0	0	
0	0	0	0	0	0	0	0	0.343856914829	0	0	0	0.840679266689	0	0	0.431773072503	0	0	0	0	0	0	0	0	0	0	0	0	0	0	0.391707631691	0	0	0	0	0	0	0	0	0	0	0	0	0.820773682585	0	0	0	0	0	0	0	0	0	0	0	0	0	0	0	0	0	0	0	0	0	0.138469418524	0	0	0	0	0	0	0	0	0	0	0	0	0	0	0	0	0	0	0	0.133125651579	0	0	0	0	0	0	0	0	0	0.98069426095	0	0.716341366076	0	0.541330579659	0	0	0	0	0	0.426958381851	0	0	0	0	0	0	0	0	0	0	0	0	0	0	0	0	0	0	0	0	0	0	
0	0	0	0	0	0	0	0	0	0	0	0	0.479094826677	0	0	0	0	0	0	0	0	0.657361286348	0	0	0	0	0	0	0	0	0	0	0	0	0	0.0363152913447	0	0	0	0	0	0	0	0	0	0	0	0	0	0	0.751460672146	0	0	0	0.275528651967	0	0	0	0	0	0	0	0	0	0	0	0	0	0	0	0	0	0	0	0	0	0	0	0	0	0	0	0	0	0	0	0	0	0	0	0	0	0	0	0	0	0	0	0	0	0.726018014393	0	0	0	0	0	0	0	0	0	0	0	0	0	0	0	0	0	0	0	0	0	0	0	0	0	0	0	
0	0.66939072939	0	0	0	0	0	0	0	0	0	0	0	0	0	0	0	0	0	0	0	0	0	0	0	0	0	0	0	0.993516051928	0	0	0	0	0	0	0	0	0	0	0.0382839211862	0	0	0	0	0	0	0	0	0	0	0	0	0	0	0	0	0	0	0	0	0	0	0	0	0	0	0	0	0	0	0	0	0	0	0	0	0.440769162882	0	0	0.680945248932	0	0	0	0	0	0	0	0	0	0.873194883781	0	0	0	0	0	0	0	0.924117720067	0	0	0.185292269721	0	0	0	0	0.0969414343944	0	0	0	0	0	0	0	0	0	0	0	0	0	0	0	0	0	0	0	0	0	
0	0	0	0	0	0	0	0	0	0	0	0.204388961679	0	0	0	0	0	0	0	0	0	0	0.395546526933	0	0	0	0	0	0	0	0.540745509058	0	0	0	0	0	0	0	0	0.186167178779	0	0	0	0	0.517516616697	0	0	0	0	0	0	0	0	0	0	0	0	0	0	0	0	0	0	0	0	0	0	0	0	0	0	0	0	0	0	0	0	0.589451606394	0	0.0011892583399	0	0	0	0	0	0	0.895246484283	0	0	0	0	0	0	0	0.995408828421	0	0	0	0	0	0	0	0.351336587111	0	0	0.889462707028	0	0	0	0	0	0	0	0	0	0	0	0	0	0	0	0	0	0	0	0	0	0	
0	0	0	0	0	0	0	0	0	0	0	0	0	0	0	0	0	0	0	0	0	0	0	0	0	0	0	0	0	0	0	0	0	0	0	0	0	0	0	0	0	0	0	0	0	0	0	0	0	0	0	0	0	0	0	0	0	0	0	0	0	0	0.318129783993	0	0	0	0	0	0	0	0	0	0	0	0	0	0	0	0	0	0	0	0	0	0	0	0	0	0	0	0	0	0	0	0	0	0	0	0	0	0	0	0	0.818043191002	0	0	0	0	0	0	0	0	0	0	0	0	0	0.770648076705	0	0	0.965817985006	0	0	0	0	0	0	0	
0.925325132888	0	0	0	0	0	0	0	0	0	0	0	0	0	0	0	0	0	0	0	0	0	0	0	0	0	0	0	0	0	0	0	0	0	0	0.811610152803	0	0	0	0	0	0	0	0	0.548087299597	0.57912459834	0	0	0	0	0	0	0	0	0	0	0	0	0	0	0	0	0	0	0	0	0	0	0	0	0	0	0	0	0	0	0	0	0	0	0	0	0	0.248020553242	0	0.754994802772	0	0	0	0	0	0	0	0	0	0	0	0	0	0	0	0	0	0	0.655449711068	0	0	0	0	0	0	0	0	0	0	0	0	0	0	0	0	0	0.548505006252	0	0	0	0	0	
0	0	0	0	0	0	0	0	0	0	0	0	0	0	0	0	0	0	0	0	0	0	0	0	0	0	0	0	0	0	0	0	0	0	0	0.788637728572	0.582392260117	0	0.993657915877	0	0	0	0	0	0	0	0	0	0	0	0	0	0	0	0	0	0	0	0	0.885458899868	0	0	0.666031773129	0	0	0	0	0	0	0	0	0	0	0.266747690988	0	0	0	0	0	0.274312129073	0	0	0	0	0	0	0	0	0	0	0	0	0	0	0	0	0	0	0	0.426958381851	0	0	0.889462707028	0	0	0.246176421691	0	0	0	0	0	0	0	0	0	0	0	0	0	0	0	0	0	0	0	0	0	0	
0	0	0	0	0	0	0	0	0	0	0	0	0	0	0	0.400124868136	0	0	0	0	0	0	0.0438701192832	0	0	0	0	0	0	0	0.367837327547	0	0	0	0	0	0	0	0	0	0	0	0	0	0	0	0	0	0	0	0	0	0	0	0	0	0	0	0	0	0	0	0	0	0.671285314543	0	0	0	0	0	0	0	0	0	0	0	0	0	0	0	0	0	0	0	0	0	0	0	0	0	0	0	0	0	0	0	0.105215715124	0	0	0	0	0.0969414343944	0	0	0	0	0.218673826968	0	0.95850626765	0	0	0	0	0	0	0	0.632085948524	0	0	0	0	0	0	0	0	0	0	0	
0	0	0	0	0	0	0	0	0	0	0.873033096399	0	0	0	0	0	0	0	0	0	0	0	0	0.309776357456	0	0	0	0	0	0	0	0	0.747650036055	0	0	0	0	0	0	0	0	0	0	0	0	0	0	0	0	0.303003189896	0	0	0	0	0	0	0	0	0	0	0	0	0	0	0	0	0	0.591382573507	0	0	0	0	0	0	0	0	0	0	0	0	0	0	0	0	0	0	0	0	0	0	0.284544132935	0	0	0	0	0	0	0.954054302761	0	0	0	0	0	0	0	0	0	0.520680605189	0	0	0	0	0	0	0	0	0	0	0	0	0	0	0	0	0	0	0	0	
0	0	0	0	0	0	0	0	0	0	0	0	0	0	0	0	0	0	0	0	0	0.231374433954	0	0	0	0.873867659286	0	0	0	0	0	0	0	0	0	0.18589313929	0	0	0	0	0	0	0	0	0	0	0	0	0	0	0	0.997867098189	0	0	0	0	0	0	0	0	0	0	0	0	0	0	0	0	0	0	0	0	0.684004079567	0	0	0	0	0	0	0	0	0	0	0	0	0	0	0	0	0	0	0	0	0	0	0	0	0	0	0	0	0	0	0	0	0	0.95850626765	0	0.167236474778	0	0	0	0	0	0	0	0	0	0	0	0	0	0	0	0	0	0	0	
0.297617217175	0	0	0	0	0	0	0	0	0	0	0	0	0	0	0	0	0	0	0	0.300810140268	0	0	0	0.280598107294	0	0	0	0	0	0	0	0	0	0	0	0	0	0	0	0	0	0	0	0	0	0	0	0.197020843996	0	0	0	0	0	0	0	0	0	0	0	0	0	0	0	0	0	0	0	0	0	0	0.428102021997	0	0	0	0	0	0	0	0	0	0	0	0	0	0	0	0	0	0	0	0	0	0	0	0	0	0.419508810975	0	0	0	0	0	0	0	0	0	0	0	0.209618841568	0	0	0	0	0	0	0	0	0	0	0	0	0	0	0	0	0	0	
0	0.428342832198	0	0.697167447678	0	0	0	0	0	0	0	0	0	0	0	0	0	0	0	0	0	0	0	0	0	0	0	0	0	0	0	0	0	0.658505215608	0.404479319163	0	0	0	0	0	0	0	0	0	0	0	0	0.0876119487092	0	0	0	0	0.00919688245358	0	0	0	0	0	0	0	0	0	0	0	0	0	0	0	0	0	0.727442060247	0	0	0	0	0	0	0.484439000768	0	0	0	0	0	0	0	0	0	0	0	0	0	0	0.0314579653188	0	0	0	0	0	0	0	0	0	0	0	0	0	0	0	0	0	0.569782198931	0	0	0	0	0	0	0.168896202549	0	0	0	0	0	0	0	0	0	0	
0	0	0	0	0	0	0	0	0	0	0	0	0	0	0	0	0	0	0	0	0	0	0	0	0	0	0	0	0	0	0	0	0	0	0	0	0	0	0	0	0	0	0	0	0	0	0	0	0	0	0	0	0	0.742122490266	0	0	0	0	0	0	0	0.177449315745	0	0.999140168909	0	0	0	0	0	0	0	0	0	0	0	0	0	0	0	0.694091661941	0	0	0	0	0	0	0	0	0	0	0	0	0	0	0	0	0	0	0	0	0	0	0	0	0	0	0	0	0	0	0	0.0927732407914	0	0	0	0	0	0	0	0	0	0	0	0	0	0	0	0	
0.32382490423	0	0	0	0	0	0	0	0	0	0	0	0	0	0	0	0	0	0	0	0	0	0	0	0	0	0	0	0	0	0	0	0	0	0	0	0	0	0	0	0	0	0	0	0	0	0	0	0	0	0	0	0	0	0	0	0	0	0	0.95792863594	0	0	0	0	0	0	0	0	0	0	0	0	0	0	0	0	0	0	0	0	0	0	0	0	0	0	0	0.111791035497	0	0	0	0	0	0	0	0	0	0	0	0	0	0	0	0	0	0	0	0	0	0	0	0	0.882429916687	0	0	0	0	0	0	0	0	0	0	0	0	0.0789170373009	0	0	
0	0	0	0	0	0	0	0	0	0	0.439538615435	0	0	0	0	0	0	0.418743374422	0	0	0	0	0	0	0	0	0	0	0	0	0	0	0	0	0	0	0	0	0	0	0	0	0	0	0	0	0	0	0	0	0	0	0	0	0	0	0	0	0	0	0	0	0	0	0	0	0	0	0	0	0	0	0	0	0	0	0	0	0	0	0	0	0	0	0	0	0	0	0	0	0.857301414516	0	0	0	0	0	0	0	0	0	0	0	0	0	0	0	0	0	0	0	0	0	0	0.267344036102	0	0	0	0	0	0	0	0	0	0	0	0	0	0	
0	0	0	0	0	0	0	0	0	0	0	0	0	0	0	0	0.767668978549	0	0	0	0	0	0	0	0	0	0	0	0.908800904563	0	0	0	0	0.410182731265	0	0	0	0	0	0	0	0	0	0	0	0	0	0	0	0	0	0	0	0	0	0	0	0	0	0	0	0	0	0	0	0	0	0	0	0	0	0	0	0.859669181391	0	0	0	0	0	0	0	0	0	0	0	0	0	0	0	0	0	0	0	0	0	0	0	0	0	0	0	0	0	0	0	0	0	0	0	0	0	0	0	0	0.780522368267	0	0	0	0	0	0	0	0	0	0	0	0	0	
0	0	0	0	0	0	0	0	0	0	0	0	0	0	0	0	0.718003873055	0	0	0	0	0	0	0.433378971606	0	0	0	0	0	0	0	0	0	0	0	0	0	0	0.487107768675	0	0	0	0	0	0	0	0	0	0	0	0	0	0	0	0	0	0	0	0	0	0	0	0	0	0	0	0	0	0	0	0	0	0	0	0	0	0	0	0	0	0	0	0	0	0	0	0	0	0	0	0.494560228524	0	0	0	0	0	0	0.178634154037	0	0	0	0	0	0	0	0	0	0	0	0	0	0	0	0	0	0.329177183451	0	0	0.425458102408	0	0	0	0	0	0	0	0	0	
0	0	0	0.39349192456	0	0	0.464265810474	0	0	0	0	0	0	0	0	0	0	0	0	0	0	0	0	0	0	0	0	0	0	0	0	0	0	0	0	0	0	0	0.507183628327	0	0	0	0	0	0	0	0	0	0	0	0	0	0	0	0	0	0	0	0	0	0.217528581521	0	0	0	0	0	0	0	0	0	0	0	0	0	0	0	0	0	0	0	0	0	0	0	0	0	0	0	0	0	0	0	0	0	0	0	0	0	0	0	0	0	0	0	0	0	0.632085948524	0	0	0	0	0	0	0	0	0	0.993089981165	0	0	0	0	0	0	0	0	0	0	0	
0	0	0	0	0	0	0	0	0	0	0	0	0	0	0	0	0	0	0	0	0	0	0	0	0	0.682445721072	0	0	0	0	0	0	0	0	0	0	0	0	0	0	0	0	0	0	0	0	0	0	0	0	0	0	0	0	0	0	0	0	0	0	0	0	0	0	0	0	0	0	0	0	0	0	0	0	0	0	0	0	0	0	0	0	0	0	0	0	0	0	0	0	0	0	0.504219978774	0	0.645926597693	0	0	0	0	0	0	0	0	0.770648076705	0	0	0	0	0	0	0.168896202549	0	0	0	0	0	0	0.0279366764381	0	0	0	0	0	0	0	0	0	0	
0	0	0	0	0	0	0	0	0	0	0	0	0	0	0	0	0	0	0	0	0	0	0	0	0	0	0	0	0	0	0	0	0	0	0	0	0	0	0.464514922416	0	0.164582354905	0	0	0	0	0	0	0	0	0	0	0	0.815563295259	0	0	0	0	0	0	0	0	0	0	0	0	0	0	0	0.730093237099	0	0	0	0	0	0.169231223512	0	0	0	0	0	0.17517496263	0	0	0	0	0	0	0	0	0	0	0	0	0	0	0.574356888239	0	0	0	0	0	0	0	0	0	0	0	0	0	0	0	0	0	0	0	0.425458102408	0	0	0.512374607156	0	0	0	0	0	0	0	0.27868441652	0	
0	0	0	0	0	0	0	0	0	0	0	0	0	0	0	0	0	0	0	0	0	0.197779093734	0	0	0	0	0	0	0	0	0	0.361569766908	0	0	0	0	0	0	0	0	0	0	0	0	0	0	0.736752015575	0	0	0	0	0	0	0	0	0	0	0	0	0	0	0	0	0.202677585094	0	0	0	0.095581707317	0	0	0	0	0	0	0	0	0	0	0	0	0	0	0	0	0	0.210833750604	0	0	0	0	0	0	0	0	0	0	0	0	0	0	0	0	0	0	0	0	0	0	0	0	0	0	0	0	0	0	0	0	0	0.211728293386	0	0	0	0	0	0	0	0	
0	0	0	0.76497727775	0.230743127362	0	0	0	0	0	0	0	0.418466554017	0.224836340516	0	0	0	0	0	0	0	0	0	0	0	0	0	0	0	0	0	0	0	0	0	0	0	0	0	0	0	0	0	0	0	0.925025151979	0	0	0	0	0	0	0	0	0	0	0	0	0	0	0	0	0	0	0	0	0	0	0	0	0	0	0	0	0	0	0	0	0	0	0	0	0	0.774670221162	0	0	0	0	0	0	0	0	0	0	0	0	0	0	0	0	0	0	0	0.965817985006	0	0	0	0	0	0	0	0	0	0	0	0	0	0	0	0	0.383408203385	0	0	0	0	0	0	0	
0	0	0	0	0	0	0	0.918303138836	0	0.260026317967	0	0	0	0	0	0	0	0	0	0	0.77863223727	0	0	0	0	0	0	0	0	0	0	0	0	0	0.341236125056	0	0	0.498965341952	0	0	0	0	0	0	0	0	0	0.143648738319	0	0	0	0	0	0	0	0	0	0	0	0	0	0	0	0	0	0	0	0	0	0	0	0	0	0	0	0.179910083245	0	0	0	0	0	0	0	0	0	0	0	0	0	0	0.8458899318	0	0	0.762114759276	0	0	0	0	0	0	0	0	0	0	0	0	0	0	0	0	0	0	0	0	0	0	0	0	0	0	0	0.902734476499	0	0	0	0	0	0	
0	0	0	0	0	0	0.70809369879	0	0	0	0	0	0	0	0	0	0	0	0	0	0	0	0.135850729795	0	0	0	0	0	0	0	0	0	0	0	0	0	0	0	0	0	0	0	0	0	0	0	0	0	0	0	0	0	0	0	0	0	0	0	0	0	0	0	0.401569534319	0	0	0	0	0	0	0	0	0	0	0	0	0	0	0	0	0	0	0	0	0	0	0	0	0.874200259619	0	0	0	0	0	0	0	0	0	0	0	0	0	0	0	0	0.548505006252	0	0	0	0	0	0	0	0	0	0	0	0	0	0	0	0	0	0.26796716289	0	0	0	0	0	
0.172342993956	0	0	0	0	0	0	0	0.0839272315246	0	0	0	0	0	0	0	0	0.874722630875	0.454232133892	0	0.214820047089	0	0	0	0	0	0	0	0	0	0	0	0	0	0	0	0	0	0	0	0	0	0	0	0	0	0	0	0	0	0	0	0	0	0	0	0	0	0	0	0	0	0	0	0	0	0	0	0	0	0	0.959492811234	0	0	0	0	0	0	0	0	0	0	0	0	0	0	0	0	0	0	0	0	0	0	0	0	0	0	0	0	0	0	0	0	0	0	0	0	0	0	0	0	0	0	0	0	0	0	0	0	0	0	0	0.155797414738	0	0	0	0	
0	0	0	0	0	0	0	0	0	0.143753199257	0	0	0	0	0	0	0	0	0	0	0	0	0	0	0	0	0	0	0	0.204642820004	0	0	0	0	0	0	0	0	0	0	0	0.22456958166	0	0	0	0	0	0	0	0	0	0	0	0	0	0	0.36002351136	0	0	0	0	0	0	0	0	0	0	0	0	0	0	0	0	0	0	0	0	0	0	0	0	0	0	0	0	0	0	0	0	0	0	0	0	0	0	0	0	0	0	0	0	0	0	0	0	0	0	0	0	0	0	0	0	0	0	0	0	0	0	0	0	0	0	0	0.0724551074428	0	0	0	
0.71524815682	0	0.706727427728	0	0	0	0	0	0	0	0	0	0	0	0	0	0	0	0	0	0	0	0	0	0	0	0	0	0	0	0	0	0	0	0	0	0	0	0	0	0	0.147368328996	0	0	0.577074482978	0	0	0	0	0	0	0	0.256993926762	0	0	0	0	0	0	0	0.397305878704	0	0	0.885225051228	0	0	0	0	0	0	0	0	0	0	0	0	0	0	0	0	0	0	0	0	0	0	0	0	0	0	0	0	0	0	0	0	0	0	0	0	0	0	0	0	0	0	0	0	0	0	0	0	0.0789170373009	0	0	0	0	0	0	0	0	0	0	0	0	0.849404322359	0	0	
0	0	0	0	0	0	0	0	0	0	0	0	0	0.592963669128	0	0	0	0	0	0	0	0	0	0	0	0	0	0	0	0	0	0	0	0	0	0	0	0	0	0	0.944440223305	0	0	0	0	0	0	0	0	0	0	0	0	0	0	0	0	0	0	0	0	0	0	0	0	0	0	0	0	0	0	0	0	0	0	0	0	0	0	0	0	0	0	0	0	0.2695446583	0	0	0	0	0	0	0	0	0	0	0	0	0	0	0	0	0	0	0	0	0	0	0	0	0	0	0	0	0	0	0	0	0.27868441652	0	0	0	0	0	0	0	0.260058730118	0	
0	0	0	0	0	0	0	0	0	0	0	0	0	0	0	0	0	0	0	0	0	0.420109508424	0	0	0	0	0	0	0	0	0	0	0	0.558454083927	0	0.731200788902	0	0	0.794909663001	0	0	0	0	0	0	0.608046718476	0	0	0	0	0	0	0	0	0	0	0	0	0	0	0	0	0	0	0	0	0	0	0	0	0	0	0	0	0	0	0	0	0	0	0	0	0	0	0	0	0	0	0	0	0	0	0	0	0	0	0	0	0	0	0	0	0	0	0	0	0	0	0	0	0	0	0	0	0	0	0	0	0	0	0	0	0	0	0	0	0	0.104397773676	
2.77457716493
3.86322106307
3.07406072505
2.46465837414
0.96353965968
2.47345244669
3.57549801398
1.17755658231
1.40206121985
1.17183555334
3.69837180613
2.22530206005
1.70004693981
1.6725326024
2.12212513856
2.37295383534
1.14997730434
2.64019355012
0.669815434922
0.953275231632
2.14525261811
2.52173136372
1.43200431054
2.21319148788
3.28459953445
1.42626942161
1.0464835797
1.19849484633
3.17049288902
1.33820871721
2.50521288432
1.58904402232
1.32849151953
2.6631432783
1.21593221
2.52629584103
1.0734753232
2.12127477013
3.94510364991
2.38205212807
0.896358892625
0.550580597225
1.26309304771
1.99690468674
1.96235712299
3.25636511313
2.37255512179
0.438680600356
2.088372144
2.47818578082
3.81943703118
3.05408451446
1.85878382493
0.994389758785
1.91854463853
2.00360819519
1.94252975575
0.596294724476
1.38555477551
2.36682119667
1.73508965706
0.535406201855
2.0890024861
1.96119706824
1.65060522853
0.659267752539
2.35312181423
1.9688837097
1.54991285886
1.78142261559
2.73127102035
1.54662810652
1.51103592569
1.38509485224
2.20429120018
2.71543247079
2.03781440798
3.11537048611
1.12486164896
0.897947926907
1.57854393508
2.33117407493
1.13755821531
0.80352384553
0.984344129547
2.2410191492
1.11305903425
4.42612457916
0.960721987807
1.77849147037
3.05125210333
0.442753112396
1.05861170194
2.44403026004
2.83253120292
1.86235895559
1.88089578509
2.95276747392
1.89886200153
3.44946920854
1.46000512551
3.20432668753
2.60106518784
1.38678582938
3.03465385879
3.2530169729
1.90389542611
2.70112561063
1.76214949967
1.19597440187
2.72250350299
1.21397808569
1.08989644775
1.34307920992
1.5223406852
2.11580377677
1.94419948461
1.53853755982
2.1107652084
0.979644487444
2.38736878664
2.07547025041
2.22421455374
1.6458232204
0.401807988994
2.31357368685
0.698386445534
2.20204162716
